chT0 = [4716 + j*(-40)
2499 + j*(3222)
-639 + j*(2381)
-589 + j*(235)
569 + j*(333)
121 + j*(1013)
-428 + j*(410)
114 + j*(13)
273 + j*(495)
-216 + j*(474)
-118 + j*(20)
231 + j*(180)
-10 + j*(421)
-182 + j*(127)
110 + j*(29)
112 + j*(301)
-146 + j*(226)
-23 + j*(0)
141 + j*(155)
-52 + j*(257)
-103 + j*(46)
97 + j*(45)
45 + j*(222)
-112 + j*(122)
18 + j*(-3)
93 + j*(141)
-66 + j*(170)
-56 + j*(6)
91 + j*(49)
15 + j*(170)
-81 + j*(65)
40 + j*(2)
65 + j*(130)
-62 + j*(117)
-22 + j*(-2)
78 + j*(64)
-9 + j*(139)
-57 + j*(35)
49 + j*(16)
40 + j*(119)
-57 + j*(84)
-1 + j*(0)
58 + j*(72)
-26 + j*(105)
-37 + j*(17)
49 + j*(28)
13 + j*(104)
-51 + j*(46)
21 + j*(-2)
47 + j*(76)
-33 + j*(81)
-18 + j*(6)
47 + j*(41)
-7 + j*(92)
-44 + j*(22)
34 + j*(1)
35 + j*(78)
-37 + j*(63)
-3 + j*(-1)
46 + j*(45)
-12 + j*(81)
-30 + j*(18)
33 + j*(16)
12 + j*(76)
-41 + j*(38)
7 + j*(-8)
41 + j*(47)
-18 + j*(63)
-16 + j*(5)
40 + j*(23)
6 + j*(71)
-33 + j*(27)
17 + j*(3)
26 + j*(54)
-26 + j*(46)
-4 + j*(-3)
38 + j*(33)
-7 + j*(64)
-30 + j*(13)
26 + j*(3)
19 + j*(57)
-30 + j*(37)
1 + j*(-5)
34 + j*(33)
-11 + j*(52)
-18 + j*(4)
30 + j*(11)
13 + j*(53)
-22 + j*(25)
14 + j*(1)
25 + j*(45)
-23 + j*(43)
-11 + j*(-6)
35 + j*(15)
7 + j*(53)
-21 + j*(17)
16 + j*(1)
21 + j*(41)
-16 + j*(34)
1 + j*(0)
26 + j*(28)
-7 + j*(43)
-15 + j*(6)
24 + j*(6)
14 + j*(45)
-21 + j*(25)
6 + j*(-1)
23 + j*(28)
-11 + j*(35)
-7 + j*(-3)
30 + j*(9)
13 + j*(41)
-10 + j*(18)
20 + j*(6)
22 + j*(41)
-16 + j*(37)
-4 + j*(2)
23 + j*(21)
-2 + j*(41)
-16 + j*(8)
18 + j*(6)
12 + j*(37)
-16 + j*(22)
6 + j*(-1)
23 + j*(28)
-11 + j*(36)
-9 + j*(0)
27 + j*(12)
8 + j*(46)
-23 + j*(22)
4 + j*(-3)
20 + j*(25)
-11 + j*(31)
-9 + j*(1)
18 + j*(10)
3 + j*(33)
-15 + j*(11)
10 + j*(0)
13 + j*(26)
-13 + j*(20)
1 + j*(-4)
21 + j*(14)
0 + j*(28)
-5 + j*(5)
21 + j*(9)
9 + j*(35)
-12 + j*(18)
7 + j*(3)
14 + j*(26)
-12 + j*(26)
-5 + j*(-3)
24 + j*(9)
4 + j*(35)
-17 + j*(12)
10 + j*(-2)
19 + j*(23)
-6 + j*(25)
-2 + j*(4)
14 + j*(16)
-3 + j*(28)
-10 + j*(5)
13 + j*(6)
6 + j*(30)
-17 + j*(16)
1 + j*(-6)
16 + j*(14)
-6 + j*(22)
-5 + j*(0)
18 + j*(7)
4 + j*(27)
-11 + j*(8)
11 + j*(-3)
17 + j*(22)
-8 + j*(23)
-4 + j*(-1)
17 + j*(11)
1 + j*(27)
-12 + j*(6)
9 + j*(-1)
8 + j*(19)
-10 + j*(11)
6 + j*(-9)
23 + j*(12)
1 + j*(26)
-4 + j*(4)
17 + j*(4)
11 + j*(26)
-9 + j*(14)
8 + j*(-1)
19 + j*(16)
0 + j*(23)
-3 + j*(6)
11 + j*(11)
0 + j*(21)
-7 + j*(3)
14 + j*(-1)
13 + j*(23)
-8 + j*(19)
-1 + j*(-1)
16 + j*(11)
-1 + j*(22)
-7 + j*(1)
13 + j*(1)
11 + j*(21)
-5 + j*(13)
8 + j*(2)
13 + j*(19)
-6 + j*(22)
-5 + j*(-2)
16 + j*(5)
7 + j*(24)
-8 + j*(9)
9 + j*(1)
11 + j*(22)
-12 + j*(17)
-4 + j*(-6)
18 + j*(5)
2 + j*(22)
-9 + j*(3)
13 + j*(-3)
14 + j*(21)
-8 + j*(16)
0 + j*(-3)
18 + j*(9)
3 + j*(23)
-6 + j*(7)
9 + j*(4)
4 + j*(19)
-8 + j*(10)
5 + j*(-1)
10 + j*(14)
-6 + j*(14)
-1 + j*(-3)
16 + j*(6)
1 + j*(22)
-10 + j*(6)
7 + j*(-2)
11 + j*(16)
-8 + j*(13)
1 + j*(-4)
17 + j*(8)
1 + j*(22)
-8 + j*(5)
8 + j*(1)
8 + j*(16)
-6 + j*(8)
8 + j*(-5)
17 + j*(13)
-1 + j*(21)
-4 + j*(1)
16 + j*(3)
8 + j*(22)
-9 + j*(14)
-1 + j*(1)
6 + j*(8)
-3 + j*(10)
0 + j*(-3)
14 + j*(4)
6 + j*(14)
-1 + j*(2)
13 + j*(2)
12 + j*(19)
-4 + j*(15)
1 + j*(4)
8 + j*(11)
-6 + j*(17)
-6 + j*(-1)
10 + j*(0)
4 + j*(13)
-7 + j*(4)
6 + j*(-6)
14 + j*(9)
1 + j*(16)
-1 + j*(3)
9 + j*(8)
1 + j*(15)
-4 + j*(2)
10 + j*(-1)
9 + j*(17)
-8 + j*(12)
0 + j*(-4)
14 + j*(5)
4 + j*(16)
-3 + j*(5)
8 + j*(4)
4 + j*(16)
-8 + j*(6)
6 + j*(-6)
14 + j*(8)
-1 + j*(16)
-4 + j*(1)
10 + j*(3)
3 + j*(16)
-10 + j*(6)
2 + j*(-7)
11 + j*(6)
1 + j*(10)
2 + j*(-1)
12 + j*(5)
4 + j*(12)
-1 + j*(2)
9 + j*(1)
8 + j*(12)
-2 + j*(6)
7 + j*(-1)
12 + j*(12)
-3 + j*(16)
-4 + j*(-1)
13 + j*(1)
7 + j*(13)
-6 + j*(6)
7 + j*(-4)
13 + j*(11)
-1 + j*(13)
-1 + j*(0)
10 + j*(4)
1 + j*(15)
-5 + j*(1)
9 + j*(-3)
11 + j*(12)
-1 + j*(10)
2 + j*(-1)
12 + j*(8)
0 + j*(15)
-4 + j*(1)
8 + j*(0)
6 + j*(13)
-4 + j*(6)
8 + j*(-3)
12 + j*(11)
-4 + j*(16)
-6 + j*(-2)
11 + j*(1)
7 + j*(13)
-6 + j*(8)
4 + j*(-1)
8 + j*(8)
-3 + j*(9)
-1 + j*(-3)
9 + j*(1)
2 + j*(9)
-1 + j*(0)
11 + j*(-1)
9 + j*(12)
-4 + j*(8)
1 + j*(-4)
11 + j*(4)
2 + j*(10)
1 + j*(1)
11 + j*(3)
4 + j*(12)
-4 + j*(4)
7 + j*(-3)
11 + j*(10)
-2 + j*(13)
-1 + j*(-1)
10 + j*(1)
6 + j*(10)
1 + j*(1)
10 + j*(1)
10 + j*(12)
-1 + j*(10)
5 + j*(1)
10 + j*(8)
-2 + j*(13)
-4 + j*(-1)
11 + j*(0)
6 + j*(13)
-5 + j*(5)
5 + j*(-4)
13 + j*(9)
-1 + j*(14)
-4 + j*(2)
7 + j*(2)
2 + j*(11)
-4 + j*(1)
7 + j*(-3)
8 + j*(9)
-4 + j*(8)
2 + j*(-4)
11 + j*(4)
1 + j*(13)
-6 + j*(2)
6 + j*(-5)
10 + j*(6)
0 + j*(5)
4 + j*(-2)
12 + j*(6)
3 + j*(11)
0 + j*(1)
11 + j*(2)
6 + j*(13)
-3 + j*(7)
5 + j*(0)
9 + j*(11)
-4 + j*(9)
-2 + j*(-1)
8 + j*(1)
1 + j*(8)
-1 + j*(-1)
11 + j*(-1)
9 + j*(13)
-6 + j*(8)
-1 + j*(-4)
12 + j*(4)
1 + j*(12)
-6 + j*(1)
8 + j*(-2)
6 + j*(11)
-4 + j*(4)
4 + j*(-4)
13 + j*(5)
1 + j*(11)
-2 + j*(1)
8 + j*(2)
4 + j*(10)
-4 + j*(4)
6 + j*(-1)
10 + j*(7)
-1 + j*(8)
-1 + j*(-1)
8 + j*(3)
2 + j*(9)
-4 + j*(1)
8 + j*(0)
6 + j*(11)
-6 + j*(6)
-1 + j*(-5)
7 + j*(0)
3 + j*(6)
0 + j*(0)
8 + j*(1)
5 + j*(8)
-2 + j*(2)
6 + j*(-4)
10 + j*(4)
2 + j*(8)
4 + j*(1)
8 + j*(6)
1 + j*(9)
-1 + j*(1)
8 + j*(1)
5 + j*(11)
-5 + j*(6)
1 + j*(-4)
10 + j*(6)
-2 + j*(11)
-6 + j*(-2)
6 + j*(-4)
6 + j*(8)
-4 + j*(4)
1 + j*(-6)
9 + j*(1)
3 + j*(6)
2 + j*(-1)
10 + j*(1)
6 + j*(8)
0 + j*(3)
7 + j*(-1)
7 + j*(7)
-1 + j*(4)
3 + j*(-3)
11 + j*(3)
3 + j*(9)
-3 + j*(1)
6 + j*(-1)
6 + j*(8)
-3 + j*(4)
2 + j*(-4)
7 + j*(2)
1 + j*(4)
1 + j*(-2)
10 + j*(0)
6 + j*(8)
-1 + j*(3)
5 + j*(-1)
8 + j*(6)
-1 + j*(5)
2 + j*(-3)
11 + j*(2)
4 + j*(7)
1 + j*(0)
10 + j*(-1)
8 + j*(8)
0 + j*(5)
5 + j*(-1)
10 + j*(7)
-1 + j*(11)
-1 + j*(-1)
9 + j*(-3)
8 + j*(9)
-1 + j*(6)
6 + j*(-1)
10 + j*(6)
0 + j*(10)
-1 + j*(1)
6 + j*(1)
2 + j*(8)
-1 + j*(1)
6 + j*(-4)
8 + j*(6)
0 + j*(6)
3 + j*(-3)
9 + j*(5)
0 + j*(10)
-4 + j*(-1)
7 + j*(-4)
8 + j*(7)
0 + j*(4)
3 + j*(-2)
7 + j*(4)
-1 + j*(7)
-1 + j*(-3)
10 + j*(-1)
7 + j*(8)
-1 + j*(3)
4 + j*(-3)
8 + j*(6)
1 + j*(6)
3 + j*(1)
9 + j*(5)
0 + j*(9)
-3 + j*(-2)
7 + j*(-3)
8 + j*(7)
-4 + j*(6)
0 + j*(-2)
9 + j*(2)
2 + j*(7)
0 + j*(0)
6 + j*(1)
4 + j*(7)
-4 + j*(1)
4 + j*(-4)
8 + j*(4)
1 + j*(5)
-1 + j*(-4)
11 + j*(-1)
6 + j*(8)
-1 + j*(3)
6 + j*(-1)
7 + j*(6)
-2 + j*(6)
3 + j*(-2)
8 + j*(3)
2 + j*(6)
-1 + j*(-1)
7 + j*(-1)
6 + j*(6)
-1 + j*(2)
5 + j*(-4)
11 + j*(6)
1 + j*(8)
-1 + j*(-1)
8 + j*(-1)
4 + j*(7)
-3 + j*(1)
6 + j*(-6)
10 + j*(6)
-1 + j*(8)
-1 + j*(-3)
10 + j*(-1)
6 + j*(9)
-3 + j*(3)
5 + j*(-3)
9 + j*(6)
0 + j*(6)
0 + j*(-1)
6 + j*(0)
2 + j*(5)
1 + j*(-1)
7 + j*(-1)
6 + j*(6)
-1 + j*(2)
4 + j*(-6)
10 + j*(3)
2 + j*(7)
1 + j*(0)
8 + j*(2)
4 + j*(6)
-2 + j*(1)
6 + j*(-2)
7 + j*(6)
-1 + j*(6)
1 + j*(-2)
8 + j*(1)
3 + j*(8)
-1 + j*(0)
5 + j*(-1)
6 + j*(5)
-1 + j*(4)
4 + j*(-2)
7 + j*(4)
1 + j*(6)
1 + j*(-2)
8 + j*(-1)
4 + j*(6)
-2 + j*(1)
5 + j*(-2)
8 + j*(5)
-1 + j*(6)
0 + j*(-1)
7 + j*(-1)
4 + j*(6)
0 + j*(0)
6 + j*(-1)
8 + j*(5)
-2 + j*(4)
2 + j*(-4)
8 + j*(1)
2 + j*(6)
1 + j*(-1)
8 + j*(-1)
4 + j*(7)
-2 + j*(2)
3 + j*(-4)
8 + j*(2)
4 + j*(4)
4 + j*(-1)
7 + j*(1)
1 + j*(6)
-1 + j*(-2)
7 + j*(-3)
9 + j*(5)
-1 + j*(6)
4 + j*(-3)
9 + j*(2)
3 + j*(8)
-1 + j*(1)
6 + j*(-1)
6 + j*(6)
-2 + j*(3)
2 + j*(-4)
6 + j*(3)
1 + j*(4)
1 + j*(-1)
8 + j*(-1)
5 + j*(6)
0 + j*(1)
6 + j*(-2)
7 + j*(5)
-1 + j*(5)
1 + j*(-2)
7 + j*(0)
4 + j*(5)
0 + j*(0)
7 + j*(-1)
6 + j*(6)
-1 + j*(4)
2 + j*(-4)
7 + j*(2)
1 + j*(5)
-1 + j*(-3)
6 + j*(-4)
6 + j*(6)
-1 + j*(1)
4 + j*(-3)
8 + j*(1)
2 + j*(4)
4 + j*(-3)
8 + j*(1)
4 + j*(7)
-1 + j*(1)
6 + j*(-3)
7 + j*(6)
-1 + j*(4)
1 + j*(-3)
7 + j*(2)
1 + j*(5)
-1 + j*(-3)
7 + j*(-3)
6 + j*(6)
-2 + j*(4)
2 + j*(-4)
9 + j*(1)
1 + j*(6)
-1 + j*(-1)
6 + j*(-2)
5 + j*(5)
-1 + j*(-1)
4 + j*(-4)
8 + j*(2)
2 + j*(3)
1 + j*(-2)
8 + j*(1)
4 + j*(5)
0 + j*(0)
6 + j*(-2)
6 + j*(4)
0 + j*(4)
4 + j*(-3)
8 + j*(3)
0 + j*(6)
-1 + j*(-2)
8 + j*(-3)
6 + j*(5)
-1 + j*(2)
5 + j*(-4)
8 + j*(3)
1 + j*(4)
1 + j*(-4)
8 + j*(-2)
5 + j*(5)
-2 + j*(1)
4 + j*(-4)
8 + j*(2)
1 + j*(4)
3 + j*(-3)
7 + j*(0)
3 + j*(5)
