chT0 = [4718 + j*(-41)
2499 + j*(3223)
-643 + j*(2383)
-596 + j*(231)
569 + j*(326)
124 + j*(1008)
-426 + j*(411)
111 + j*(11)
273 + j*(489)
-209 + j*(470)
-111 + j*(21)
233 + j*(185)
-15 + j*(424)
-185 + j*(125)
107 + j*(26)
114 + j*(297)
-142 + j*(223)
-18 + j*(-2)
148 + j*(158)
-49 + j*(263)
-106 + j*(48)
99 + j*(40)
50 + j*(221)
-107 + j*(126)
16 + j*(2)
93 + j*(144)
-64 + j*(176)
-62 + j*(13)
82 + j*(49)
9 + j*(165)
-78 + j*(64)
40 + j*(5)
62 + j*(128)
-61 + j*(115)
-20 + j*(1)
73 + j*(66)
-16 + j*(132)
-55 + j*(28)
55 + j*(13)
39 + j*(122)
-58 + j*(79)
3 + j*(-3)
62 + j*(75)
-31 + j*(108)
-40 + j*(10)
54 + j*(21)
21 + j*(105)
-48 + j*(51)
21 + j*(-1)
52 + j*(78)
-31 + j*(86)
-21 + j*(7)
48 + j*(40)
-3 + j*(91)
-41 + j*(28)
32 + j*(8)
30 + j*(80)
-40 + j*(59)
-1 + j*(-6)
51 + j*(47)
-13 + j*(85)
-35 + j*(15)
35 + j*(10)
20 + j*(75)
-39 + j*(45)
5 + j*(-4)
40 + j*(47)
-18 + j*(64)
-17 + j*(6)
40 + j*(21)
9 + j*(71)
-31 + j*(30)
16 + j*(3)
28 + j*(54)
-24 + j*(52)
-8 + j*(4)
31 + j*(31)
-8 + j*(61)
-27 + j*(12)
23 + j*(6)
15 + j*(56)
-32 + j*(34)
1 + j*(-8)
36 + j*(28)
-6 + j*(52)
-15 + j*(9)
28 + j*(14)
8 + j*(53)
-24 + j*(24)
12 + j*(-1)
27 + j*(40)
-16 + j*(43)
-10 + j*(1)
26 + j*(19)
-1 + j*(45)
-18 + j*(12)
21 + j*(4)
16 + j*(42)
-20 + j*(26)
6 + j*(-5)
30 + j*(28)
-9 + j*(45)
-14 + j*(3)
28 + j*(6)
16 + j*(45)
-20 + j*(25)
10 + j*(-1)
24 + j*(30)
-11 + j*(35)
-4 + j*(-1)
30 + j*(16)
7 + j*(47)
-20 + j*(16)
16 + j*(-1)
25 + j*(37)
-13 + j*(35)
-3 + j*(1)
26 + j*(21)
-1 + j*(45)
-18 + j*(15)
11 + j*(6)
8 + j*(33)
-15 + j*(20)
8 + j*(0)
22 + j*(28)
-13 + j*(35)
-13 + j*(-3)
24 + j*(4)
12 + j*(37)
-15 + j*(20)
6 + j*(1)
17 + j*(25)
-11 + j*(28)
-6 + j*(1)
19 + j*(13)
-1 + j*(33)
-15 + j*(6)
14 + j*(-2)
16 + j*(27)
-10 + j*(21)
4 + j*(-2)
23 + j*(18)
-1 + j*(31)
-7 + j*(5)
19 + j*(8)
8 + j*(33)
-14 + j*(16)
8 + j*(-3)
20 + j*(25)
-10 + j*(29)
-8 + j*(-1)
18 + j*(5)
6 + j*(28)
-8 + j*(9)
14 + j*(0)
16 + j*(28)
-12 + j*(24)
-3 + j*(-2)
18 + j*(13)
0 + j*(29)
-10 + j*(6)
13 + j*(2)
8 + j*(25)
-11 + j*(13)
6 + j*(-4)
20 + j*(16)
-3 + j*(24)
-3 + j*(1)
20 + j*(8)
7 + j*(29)
-11 + j*(13)
9 + j*(-1)
14 + j*(19)
-6 + j*(18)
3 + j*(-4)
22 + j*(11)
4 + j*(28)
-5 + j*(8)
15 + j*(4)
11 + j*(26)
-9 + j*(15)
7 + j*(-5)
22 + j*(18)
-2 + j*(30)
-8 + j*(4)
19 + j*(3)
13 + j*(28)
-8 + j*(19)
4 + j*(4)
14 + j*(20)
-6 + j*(23)
-4 + j*(2)
14 + j*(10)
1 + j*(24)
-9 + j*(8)
11 + j*(2)
11 + j*(23)
-11 + j*(18)
1 + j*(-2)
18 + j*(14)
-5 + j*(28)
-15 + j*(4)
8 + j*(-1)
7 + j*(17)
-8 + j*(8)
8 + j*(-4)
19 + j*(16)
-2 + j*(24)
-6 + j*(3)
15 + j*(6)
6 + j*(25)
-9 + j*(13)
4 + j*(0)
8 + j*(18)
-10 + j*(16)
-5 + j*(-6)
16 + j*(3)
4 + j*(19)
-7 + j*(4)
12 + j*(0)
11 + j*(19)
-8 + j*(13)
4 + j*(-4)
18 + j*(13)
-2 + j*(22)
-8 + j*(3)
11 + j*(-1)
10 + j*(18)
-6 + j*(11)
4 + j*(-1)
13 + j*(13)
-4 + j*(16)
-2 + j*(-1)
14 + j*(4)
4 + j*(19)
-6 + j*(6)
7 + j*(-1)
11 + j*(12)
-4 + j*(12)
4 + j*(-4)
17 + j*(8)
5 + j*(18)
-2 + j*(6)
11 + j*(5)
7 + j*(18)
-6 + j*(8)
9 + j*(-2)
16 + j*(16)
-4 + j*(21)
-3 + j*(1)
13 + j*(4)
6 + j*(18)
-7 + j*(8)
6 + j*(-1)
11 + j*(13)
-2 + j*(13)
3 + j*(0)
13 + j*(8)
1 + j*(17)
-2 + j*(0)
16 + j*(1)
13 + j*(21)
-7 + j*(16)
-1 + j*(0)
11 + j*(11)
-3 + j*(18)
-6 + j*(2)
8 + j*(1)
4 + j*(16)
-5 + j*(8)
4 + j*(-1)
11 + j*(11)
-3 + j*(11)
0 + j*(-1)
11 + j*(7)
2 + j*(15)
-4 + j*(0)
14 + j*(-1)
11 + j*(19)
-9 + j*(14)
-2 + j*(-5)
15 + j*(5)
3 + j*(17)
-4 + j*(4)
9 + j*(3)
7 + j*(16)
-6 + j*(8)
5 + j*(-4)
14 + j*(10)
-1 + j*(17)
-3 + j*(2)
10 + j*(4)
4 + j*(16)
-6 + j*(6)
6 + j*(-1)
10 + j*(11)
-4 + j*(11)
1 + j*(-4)
14 + j*(6)
4 + j*(18)
-5 + j*(7)
5 + j*(1)
5 + j*(11)
-4 + j*(7)
4 + j*(-1)
11 + j*(8)
-2 + j*(13)
-2 + j*(1)
10 + j*(4)
1 + j*(13)
-6 + j*(3)
9 + j*(-4)
13 + j*(11)
-3 + j*(13)
-1 + j*(-2)
12 + j*(3)
4 + j*(14)
-2 + j*(4)
9 + j*(1)
8 + j*(16)
-6 + j*(11)
1 + j*(-3)
11 + j*(7)
-1 + j*(16)
-7 + j*(-1)
8 + j*(-3)
8 + j*(11)
-5 + j*(6)
4 + j*(-6)
13 + j*(6)
0 + j*(13)
-2 + j*(-2)
11 + j*(0)
9 + j*(13)
-2 + j*(8)
4 + j*(1)
8 + j*(6)
3 + j*(8)
6 + j*(3)
10 + j*(11)
-2 + j*(13)
-5 + j*(-1)
11 + j*(-1)
7 + j*(13)
-6 + j*(5)
5 + j*(-6)
16 + j*(7)
3 + j*(15)
-1 + j*(4)
10 + j*(6)
3 + j*(16)
-6 + j*(4)
5 + j*(-3)
10 + j*(11)
-5 + j*(12)
-4 + j*(-3)
11 + j*(-1)
6 + j*(9)
0 + j*(4)
10 + j*(1)
8 + j*(13)
-3 + j*(11)
1 + j*(-1)
10 + j*(7)
-1 + j*(12)
-3 + j*(-1)
11 + j*(-1)
9 + j*(13)
-2 + j*(9)
4 + j*(-1)
11 + j*(7)
1 + j*(12)
-1 + j*(2)
6 + j*(2)
2 + j*(10)
-2 + j*(4)
6 + j*(-1)
7 + j*(8)
-2 + j*(8)
3 + j*(-1)
9 + j*(7)
-4 + j*(13)
-6 + j*(-2)
8 + j*(-4)
7 + j*(9)
-4 + j*(5)
4 + j*(-6)
13 + j*(4)
1 + j*(11)
-1 + j*(-1)
10 + j*(1)
5 + j*(12)
-4 + j*(6)
4 + j*(-1)
8 + j*(8)
-3 + j*(8)
1 + j*(-3)
11 + j*(4)
0 + j*(11)
-4 + j*(-2)
11 + j*(-4)
11 + j*(11)
-4 + j*(9)
1 + j*(-5)
12 + j*(2)
4 + j*(12)
-1 + j*(2)
9 + j*(-1)
6 + j*(10)
-4 + j*(5)
5 + j*(-4)
14 + j*(6)
1 + j*(12)
-1 + j*(0)
8 + j*(3)
2 + j*(11)
-5 + j*(5)
4 + j*(-3)
9 + j*(8)
-2 + j*(8)
-1 + j*(-3)
8 + j*(2)
0 + j*(9)
-4 + j*(-2)
9 + j*(-4)
10 + j*(11)
-4 + j*(8)
0 + j*(-4)
11 + j*(1)
3 + j*(8)
-1 + j*(-1)
8 + j*(-1)
8 + j*(9)
0 + j*(6)
5 + j*(-1)
9 + j*(7)
1 + j*(9)
1 + j*(0)
8 + j*(3)
4 + j*(9)
-1 + j*(4)
6 + j*(1)
6 + j*(8)
-2 + j*(6)
3 + j*(-1)
8 + j*(6)
0 + j*(11)
-4 + j*(2)
5 + j*(-1)
4 + j*(7)
-3 + j*(2)
3 + j*(-3)
6 + j*(4)
-1 + j*(5)
-1 + j*(-4)
8 + j*(0)
5 + j*(5)
2 + j*(0)
10 + j*(-1)
8 + j*(8)
-1 + j*(6)
4 + j*(-4)
13 + j*(5)
4 + j*(13)
-2 + j*(4)
4 + j*(-1)
5 + j*(8)
-4 + j*(2)
4 + j*(-4)
11 + j*(3)
1 + j*(7)
-1 + j*(-1)
9 + j*(1)
6 + j*(10)
-3 + j*(6)
3 + j*(-2)
7 + j*(4)
0 + j*(5)
1 + j*(-1)
7 + j*(2)
1 + j*(7)
0 + j*(-1)
8 + j*(-1)
6 + j*(8)
-3 + j*(4)
3 + j*(-6)
11 + j*(1)
2 + j*(7)
0 + j*(-1)
11 + j*(-2)
8 + j*(8)
0 + j*(4)
7 + j*(-2)
10 + j*(5)
2 + j*(7)
1 + j*(0)
11 + j*(4)
4 + j*(10)
-2 + j*(2)
7 + j*(-1)
8 + j*(8)
-1 + j*(6)
3 + j*(-3)
10 + j*(4)
1 + j*(11)
-4 + j*(-1)
8 + j*(-4)
8 + j*(9)
-1 + j*(6)
2 + j*(-2)
8 + j*(4)
0 + j*(8)
-1 + j*(-3)
8 + j*(-3)
7 + j*(6)
-2 + j*(4)
4 + j*(-2)
8 + j*(4)
1 + j*(6)
3 + j*(0)
8 + j*(3)
4 + j*(6)
-1 + j*(0)
7 + j*(-1)
6 + j*(6)
0 + j*(4)
3 + j*(-2)
8 + j*(4)
2 + j*(7)
2 + j*(1)
8 + j*(2)
4 + j*(8)
-3 + j*(1)
5 + j*(-3)
9 + j*(6)
0 + j*(6)
3 + j*(-1)
11 + j*(1)
6 + j*(9)
-1 + j*(3)
5 + j*(-1)
7 + j*(6)
-1 + j*(4)
4 + j*(-4)
12 + j*(4)
3 + j*(9)
-2 + j*(1)
7 + j*(-1)
6 + j*(8)
-2 + j*(4)
2 + j*(-4)
8 + j*(3)
2 + j*(7)
1 + j*(0)
7 + j*(1)
3 + j*(7)
-3 + j*(1)
6 + j*(-1)
6 + j*(6)
-2 + j*(4)
0 + j*(-5)
10 + j*(-1)
4 + j*(8)
-1 + j*(-1)
7 + j*(-3)
8 + j*(8)
-1 + j*(6)
1 + j*(-2)
8 + j*(1)
2 + j*(6)
1 + j*(-2)
9 + j*(0)
6 + j*(9)
-1 + j*(4)
4 + j*(-3)
8 + j*(4)
0 + j*(7)
1 + j*(-2)
8 + j*(1)
4 + j*(8)
-2 + j*(2)
5 + j*(-2)
7 + j*(7)
-1 + j*(6)
1 + j*(-4)
11 + j*(0)
4 + j*(8)
-1 + j*(1)
5 + j*(-1)
5 + j*(5)
-1 + j*(4)
2 + j*(-3)
8 + j*(2)
2 + j*(4)
0 + j*(-1)
7 + j*(0)
4 + j*(6)
-1 + j*(1)
5 + j*(-4)
9 + j*(2)
1 + j*(3)
2 + j*(-1)
9 + j*(-1)
5 + j*(6)
0 + j*(1)
6 + j*(-1)
6 + j*(6)
0 + j*(4)
5 + j*(-2)
8 + j*(5)
1 + j*(6)
-1 + j*(-1)
8 + j*(-1)
4 + j*(6)
-2 + j*(0)
6 + j*(-4)
8 + j*(4)
1 + j*(7)
0 + j*(-3)
7 + j*(1)
3 + j*(7)
-2 + j*(-1)
6 + j*(-4)
8 + j*(5)
-1 + j*(4)
4 + j*(-5)
10 + j*(1)
3 + j*(8)
-1 + j*(-1)
8 + j*(-2)
8 + j*(6)
-1 + j*(4)
2 + j*(-5)
8 + j*(1)
4 + j*(6)
1 + j*(-1)
8 + j*(-1)
6 + j*(6)
-1 + j*(5)
4 + j*(0)
6 + j*(4)
0 + j*(6)
1 + j*(-1)
6 + j*(1)
3 + j*(5)
-1 + j*(0)
4 + j*(-1)
6 + j*(4)
-1 + j*(1)
4 + j*(-2)
8 + j*(2)
1 + j*(5)
-1 + j*(-2)
7 + j*(-2)
6 + j*(5)
0 + j*(1)
5 + j*(-4)
8 + j*(4)
1 + j*(5)
2 + j*(-3)
9 + j*(1)
3 + j*(7)
-4 + j*(1)
6 + j*(-4)
6 + j*(3)
0 + j*(3)
2 + j*(-4)
8 + j*(1)
1 + j*(5)
0 + j*(-1)
8 + j*(-4)
7 + j*(5)
0 + j*(2)
5 + j*(-2)
8 + j*(1)
2 + j*(5)
0 + j*(-1)
8 + j*(-1)
2 + j*(6)
-1 + j*(-1)
6 + j*(-4)
8 + j*(4)
1 + j*(5)
1 + j*(-2)
7 + j*(0)
4 + j*(4)
1 + j*(-1)
8 + j*(-4)
8 + j*(5)
1 + j*(3)
4 + j*(-3)
8 + j*(2)
3 + j*(6)
1 + j*(-1)
8 + j*(-1)
4 + j*(6)
-2 + j*(1)
4 + j*(-4)
7 + j*(3)
0 + j*(4)
1 + j*(-4)
8 + j*(-1)
4 + j*(7)
-1 + j*(1)
6 + j*(-3)
7 + j*(2)
1 + j*(2)
4 + j*(-3)
8 + j*(2)
2 + j*(6)
