chT0 = [4713 + j*(-36)
2493 + j*(3222)
-643 + j*(2377)
-589 + j*(232)
568 + j*(334)
115 + j*(1013)
-434 + j*(404)
111 + j*(5)
277 + j*(489)
-213 + j*(472)
-115 + j*(19)
235 + j*(179)
-11 + j*(424)
-185 + j*(127)
107 + j*(26)
115 + j*(297)
-141 + j*(227)
-21 + j*(1)
142 + j*(159)
-54 + j*(261)
-108 + j*(46)
96 + j*(40)
45 + j*(221)
-113 + j*(119)
16 + j*(-8)
98 + j*(138)
-59 + j*(173)
-57 + j*(12)
87 + j*(48)
13 + j*(168)
-78 + j*(65)
38 + j*(2)
64 + j*(125)
-57 + j*(115)
-17 + j*(2)
76 + j*(68)
-12 + j*(137)
-57 + j*(33)
51 + j*(16)
37 + j*(120)
-58 + j*(78)
3 + j*(-4)
65 + j*(74)
-25 + j*(110)
-39 + j*(18)
47 + j*(27)
13 + j*(103)
-52 + j*(47)
17 + j*(-2)
45 + j*(70)
-30 + j*(74)
-10 + j*(2)
54 + j*(44)
-4 + j*(96)
-41 + j*(27)
34 + j*(6)
32 + j*(83)
-42 + j*(61)
-4 + j*(-5)
48 + j*(47)
-13 + j*(82)
-32 + j*(13)
35 + j*(13)
17 + j*(78)
-42 + j*(40)
5 + j*(-8)
40 + j*(43)
-15 + j*(59)
-13 + j*(5)
39 + j*(23)
6 + j*(69)
-31 + j*(25)
21 + j*(1)
30 + j*(55)
-25 + j*(49)
-3 + j*(-2)
41 + j*(33)
-5 + j*(68)
-29 + j*(16)
23 + j*(6)
18 + j*(59)
-32 + j*(39)
-1 + j*(-6)
31 + j*(33)
-12 + j*(53)
-20 + j*(4)
28 + j*(11)
11 + j*(51)
-25 + j*(23)
13 + j*(-5)
30 + j*(37)
-13 + j*(42)
-5 + j*(1)
32 + j*(20)
3 + j*(51)
-21 + j*(16)
17 + j*(2)
22 + j*(41)
-16 + j*(31)
4 + j*(0)
30 + j*(29)
-5 + j*(47)
-16 + j*(9)
21 + j*(10)
8 + j*(46)
-25 + j*(20)
7 + j*(-9)
30 + j*(25)
-6 + j*(39)
-6 + j*(4)
26 + j*(14)
7 + j*(43)
-17 + j*(16)
14 + j*(0)
22 + j*(33)
-11 + j*(32)
-1 + j*(2)
25 + j*(21)
-1 + j*(41)
-16 + j*(12)
16 + j*(7)
8 + j*(36)
-18 + j*(18)
8 + j*(-6)
25 + j*(24)
-7 + j*(35)
-7 + j*(1)
25 + j*(10)
8 + j*(42)
-20 + j*(19)
8 + j*(-3)
19 + j*(25)
-10 + j*(30)
-4 + j*(0)
21 + j*(12)
2 + j*(35)
-13 + j*(10)
16 + j*(1)
17 + j*(30)
-11 + j*(25)
1 + j*(0)
21 + j*(19)
-4 + j*(33)
-10 + j*(6)
15 + j*(6)
9 + j*(30)
-11 + j*(16)
8 + j*(1)
18 + j*(25)
-11 + j*(26)
-7 + j*(0)
18 + j*(9)
4 + j*(29)
-11 + j*(8)
13 + j*(-1)
15 + j*(27)
-11 + j*(22)
0 + j*(-1)
20 + j*(16)
-3 + j*(30)
-11 + j*(4)
17 + j*(-1)
13 + j*(27)
-10 + j*(18)
5 + j*(0)
18 + j*(18)
-5 + j*(26)
-8 + j*(2)
18 + j*(6)
7 + j*(29)
-13 + j*(16)
3 + j*(-1)
11 + j*(14)
-5 + j*(15)
4 + j*(-3)
19 + j*(12)
0 + j*(25)
-8 + j*(4)
16 + j*(0)
12 + j*(23)
-9 + j*(15)
6 + j*(-4)
21 + j*(16)
-1 + j*(27)
-6 + j*(1)
18 + j*(3)
10 + j*(28)
-11 + j*(13)
7 + j*(-2)
18 + j*(18)
-4 + j*(24)
-4 + j*(3)
16 + j*(8)
4 + j*(23)
-7 + j*(6)
13 + j*(0)
17 + j*(24)
-8 + j*(22)
-3 + j*(2)
13 + j*(12)
-2 + j*(18)
-6 + j*(-1)
16 + j*(1)
12 + j*(25)
-9 + j*(16)
4 + j*(-1)
16 + j*(14)
-4 + j*(21)
-4 + j*(1)
16 + j*(6)
6 + j*(23)
-9 + j*(11)
6 + j*(-1)
12 + j*(18)
-8 + j*(17)
-2 + j*(-4)
16 + j*(6)
3 + j*(23)
-9 + j*(6)
10 + j*(0)
11 + j*(18)
-8 + j*(16)
0 + j*(-1)
14 + j*(8)
0 + j*(21)
-6 + j*(3)
9 + j*(3)
6 + j*(17)
-8 + j*(8)
5 + j*(-1)
11 + j*(13)
-4 + j*(14)
1 + j*(-3)
16 + j*(7)
2 + j*(21)
-8 + j*(4)
9 + j*(-2)
12 + j*(16)
-6 + j*(13)
2 + j*(-4)
17 + j*(7)
5 + j*(19)
-4 + j*(6)
11 + j*(5)
6 + j*(18)
-6 + j*(8)
6 + j*(-3)
16 + j*(13)
-2 + j*(18)
-1 + j*(0)
16 + j*(6)
5 + j*(25)
-13 + j*(11)
0 + j*(-4)
8 + j*(8)
-2 + j*(8)
4 + j*(-4)
16 + j*(8)
3 + j*(19)
-6 + j*(3)
11 + j*(-1)
11 + j*(17)
-6 + j*(14)
0 + j*(-3)
11 + j*(6)
2 + j*(16)
-1 + j*(4)
10 + j*(3)
7 + j*(16)
-5 + j*(8)
5 + j*(-1)
10 + j*(13)
-6 + j*(13)
-1 + j*(-2)
12 + j*(5)
3 + j*(16)
-4 + j*(1)
13 + j*(-3)
14 + j*(17)
-8 + j*(16)
-3 + j*(-4)
14 + j*(4)
6 + j*(16)
-3 + j*(7)
8 + j*(3)
5 + j*(14)
-6 + j*(6)
5 + j*(-3)
13 + j*(12)
-4 + j*(17)
-6 + j*(1)
10 + j*(1)
6 + j*(16)
-7 + j*(9)
1 + j*(-2)
8 + j*(8)
-4 + j*(8)
-1 + j*(-1)
11 + j*(4)
1 + j*(12)
-3 + j*(1)
8 + j*(-2)
10 + j*(11)
-1 + j*(9)
4 + j*(0)
8 + j*(8)
-1 + j*(11)
-3 + j*(-1)
11 + j*(0)
5 + j*(12)
-5 + j*(4)
6 + j*(-4)
11 + j*(9)
-1 + j*(8)
2 + j*(-4)
16 + j*(3)
8 + j*(16)
-1 + j*(6)
9 + j*(2)
9 + j*(11)
-2 + j*(7)
6 + j*(-1)
15 + j*(11)
-1 + j*(20)
-7 + j*(4)
5 + j*(0)
4 + j*(10)
-5 + j*(5)
5 + j*(-4)
11 + j*(6)
2 + j*(10)
1 + j*(-2)
12 + j*(2)
7 + j*(12)
0 + j*(5)
7 + j*(2)
8 + j*(11)
-3 + j*(9)
4 + j*(-2)
12 + j*(6)
1 + j*(11)
-1 + j*(-1)
14 + j*(1)
9 + j*(16)
-6 + j*(9)
2 + j*(-2)
11 + j*(6)
0 + j*(12)
-2 + j*(0)
8 + j*(3)
4 + j*(11)
-5 + j*(1)
8 + j*(-6)
12 + j*(10)
-2 + j*(11)
-1 + j*(-4)
13 + j*(1)
6 + j*(12)
-1 + j*(5)
9 + j*(1)
8 + j*(12)
-1 + j*(8)
4 + j*(-2)
11 + j*(7)
1 + j*(12)
0 + j*(0)
12 + j*(2)
7 + j*(15)
-6 + j*(7)
4 + j*(-5)
13 + j*(8)
0 + j*(13)
-1 + j*(1)
10 + j*(1)
6 + j*(12)
-4 + j*(4)
5 + j*(0)
8 + j*(8)
0 + j*(9)
3 + j*(1)
11 + j*(8)
0 + j*(13)
-6 + j*(1)
8 + j*(-1)
8 + j*(11)
-4 + j*(8)
1 + j*(-2)
9 + j*(4)
3 + j*(8)
0 + j*(1)
8 + j*(4)
3 + j*(12)
-4 + j*(3)
5 + j*(-3)
8 + j*(8)
-4 + j*(7)
0 + j*(-4)
11 + j*(2)
4 + j*(10)
-3 + j*(3)
8 + j*(-3)
10 + j*(8)
-1 + j*(7)
4 + j*(-2)
9 + j*(6)
-1 + j*(11)
-3 + j*(-2)
11 + j*(-2)
9 + j*(11)
-2 + j*(7)
3 + j*(-1)
9 + j*(6)
-1 + j*(8)
2 + j*(-1)
13 + j*(3)
4 + j*(14)
-6 + j*(3)
5 + j*(-4)
12 + j*(8)
-1 + j*(9)
1 + j*(-1)
9 + j*(4)
1 + j*(11)
-3 + j*(1)
8 + j*(-1)
7 + j*(11)
-7 + j*(6)
0 + j*(-7)
13 + j*(-1)
6 + j*(9)
2 + j*(4)
8 + j*(3)
6 + j*(11)
-2 + j*(6)
4 + j*(0)
7 + j*(8)
-2 + j*(8)
-1 + j*(-1)
7 + j*(2)
3 + j*(8)
-1 + j*(1)
6 + j*(-1)
6 + j*(8)
-2 + j*(5)
4 + j*(-4)
10 + j*(4)
3 + j*(9)
-1 + j*(2)
6 + j*(0)
4 + j*(7)
-2 + j*(3)
3 + j*(-4)
8 + j*(4)
1 + j*(5)
3 + j*(-3)
11 + j*(2)
5 + j*(8)
0 + j*(2)
7 + j*(-2)
8 + j*(6)
1 + j*(5)
7 + j*(-1)
11 + j*(8)
1 + j*(12)
-4 + j*(3)
7 + j*(1)
6 + j*(10)
-3 + j*(5)
4 + j*(-1)
9 + j*(6)
-1 + j*(9)
-1 + j*(-1)
10 + j*(-1)
6 + j*(10)
-2 + j*(4)
5 + j*(-4)
9 + j*(5)
1 + j*(6)
1 + j*(-1)
8 + j*(2)
2 + j*(10)
-1 + j*(1)
6 + j*(0)
6 + j*(9)
-4 + j*(4)
2 + j*(-5)
10 + j*(2)
1 + j*(7)
-2 + j*(-4)
12 + j*(-4)
11 + j*(8)
2 + j*(5)
7 + j*(-1)
10 + j*(6)
1 + j*(11)
1 + j*(0)
9 + j*(4)
1 + j*(12)
-4 + j*(2)
6 + j*(-4)
11 + j*(7)
-1 + j*(9)
0 + j*(-1)
8 + j*(3)
2 + j*(9)
-1 + j*(1)
8 + j*(-3)
11 + j*(7)
1 + j*(8)
2 + j*(1)
6 + j*(6)
-1 + j*(8)
-1 + j*(-1)
6 + j*(0)
2 + j*(8)
-4 + j*(3)
3 + j*(-4)
7 + j*(4)
0 + j*(5)
2 + j*(-1)
7 + j*(1)
1 + j*(8)
-4 + j*(-1)
6 + j*(-4)
6 + j*(4)
-1 + j*(4)
4 + j*(-5)
11 + j*(2)
4 + j*(7)
1 + j*(1)
8 + j*(1)
5 + j*(8)
-3 + j*(3)
4 + j*(-1)
7 + j*(5)
-1 + j*(6)
1 + j*(-3)
9 + j*(1)
5 + j*(7)
-2 + j*(2)
4 + j*(-1)
7 + j*(5)
-1 + j*(4)
3 + j*(-3)
9 + j*(3)
3 + j*(7)
1 + j*(0)
8 + j*(1)
6 + j*(10)
-4 + j*(3)
3 + j*(-6)
10 + j*(3)
3 + j*(7)
1 + j*(1)
8 + j*(0)
4 + j*(6)
-2 + j*(1)
6 + j*(-3)
8 + j*(6)
-1 + j*(6)
1 + j*(-4)
11 + j*(1)
6 + j*(8)
-1 + j*(2)
6 + j*(-1)
8 + j*(6)
0 + j*(5)
4 + j*(-1)
8 + j*(5)
0 + j*(9)
-3 + j*(-1)
6 + j*(-4)
7 + j*(5)
-1 + j*(3)
5 + j*(-1)
9 + j*(5)
0 + j*(7)
-1 + j*(-1)
6 + j*(0)
3 + j*(6)
-2 + j*(1)
6 + j*(-2)
6 + j*(5)
0 + j*(4)
3 + j*(-4)
10 + j*(1)
3 + j*(7)
0 + j*(1)
8 + j*(-2)
6 + j*(6)
-1 + j*(3)
4 + j*(-2)
8 + j*(4)
1 + j*(6)
1 + j*(-1)
8 + j*(-1)
5 + j*(7)
-3 + j*(3)
4 + j*(-4)
7 + j*(5)
0 + j*(5)
1 + j*(-2)
8 + j*(1)
4 + j*(6)
-2 + j*(-1)
5 + j*(-2)
6 + j*(4)
0 + j*(4)
2 + j*(-3)
8 + j*(1)
2 + j*(4)
1 + j*(-1)
8 + j*(0)
6 + j*(7)
0 + j*(4)
4 + j*(-2)
7 + j*(4)
3 + j*(6)
0 + j*(1)
5 + j*(1)
1 + j*(5)
0 + j*(-1)
7 + j*(-3)
6 + j*(4)
-1 + j*(2)
3 + j*(-4)
10 + j*(1)
3 + j*(7)
-1 + j*(-1)
7 + j*(-2)
6 + j*(6)
-1 + j*(1)
4 + j*(-4)
8 + j*(4)
1 + j*(5)
1 + j*(-3)
8 + j*(-1)
5 + j*(6)
-1 + j*(2)
5 + j*(-2)
7 + j*(4)
-1 + j*(5)
0 + j*(-3)
8 + j*(-1)
3 + j*(5)
1 + j*(0)
7 + j*(-1)
6 + j*(5)
-1 + j*(2)
3 + j*(-4)
7 + j*(1)
1 + j*(5)
1 + j*(-3)
7 + j*(-1)
4 + j*(6)
-2 + j*(1)
5 + j*(-4)
8 + j*(4)
1 + j*(6)
1 + j*(-3)
9 + j*(1)
4 + j*(6)
-1 + j*(1)
6 + j*(-3)
6 + j*(5)
0 + j*(4)
3 + j*(-3)
7 + j*(2)
1 + j*(6)
0 + j*(-3)
8 + j*(-3)
6 + j*(6)
-1 + j*(2)
6 + j*(-3)
8 + j*(4)
1 + j*(6)
1 + j*(-3)
7 + j*(-1)
5 + j*(6)
-1 + j*(0)
4 + j*(-4)
8 + j*(4)
-1 + j*(4)
2 + j*(-4)
9 + j*(-1)
4 + j*(6)
-1 + j*(0)
7 + j*(-4)
7 + j*(4)
-1 + j*(3)
4 + j*(-4)
8 + j*(2)
2 + j*(6)
0 + j*(-2)
9 + j*(-2)
6 + j*(5)
-1 + j*(2)
4 + j*(-3)
8 + j*(2)
1 + j*(5)
2 + j*(-4)
9 + j*(0)
4 + j*(6)
0 + j*(1)
6 + j*(-4)
6 + j*(4)
0 + j*(4)
2 + j*(-3)
7 + j*(1)
4 + j*(4)
1 + j*(0)
7 + j*(-1)
6 + j*(4)
