chT0 = [-14537 + j*(-137)
-3450 + j*(2515)
-1049 + j*(3281)
730 + j*(2163)
872 + j*(602)
-17 + j*(1)
-581 + j*(416)
-289 + j*(941)
277 + j*(808)
379 + j*(270)
-18 + j*(-11)
-317 + j*(226)
-174 + j*(549)
173 + j*(477)
251 + j*(165)
-16 + j*(-2)
-212 + j*(154)
-117 + j*(383)
123 + j*(348)
184 + j*(121)
-5 + j*(-6)
-162 + j*(115)
-90 + j*(311)
91 + j*(274)
155 + j*(80)
-12 + j*(-1)
-130 + j*(105)
-78 + j*(250)
84 + j*(209)
119 + j*(79)
-10 + j*(-11)
-101 + j*(92)
-67 + j*(205)
71 + j*(184)
100 + j*(64)
-9 + j*(-10)
-92 + j*(71)
-46 + j*(177)
58 + j*(164)
90 + j*(55)
-8 + j*(-15)
-81 + j*(70)
-41 + j*(151)
63 + j*(142)
73 + j*(48)
-5 + j*(-7)
-66 + j*(63)
-39 + j*(140)
43 + j*(130)
73 + j*(43)
-6 + j*(-11)
-71 + j*(57)
-29 + j*(122)
45 + j*(119)
56 + j*(28)
2 + j*(-1)
-68 + j*(49)
-26 + j*(104)
42 + j*(105)
62 + j*(34)
6 + j*(-5)
-63 + j*(44)
-30 + j*(112)
44 + j*(96)
53 + j*(23)
1 + j*(-2)
-54 + j*(45)
-24 + j*(91)
48 + j*(97)
44 + j*(28)
-10 + j*(2)
-59 + j*(37)
-20 + j*(83)
40 + j*(88)
41 + j*(15)
3 + j*(-5)
-48 + j*(46)
-18 + j*(76)
36 + j*(83)
38 + j*(17)
3 + j*(-8)
-49 + j*(43)
-14 + j*(88)
26 + j*(62)
40 + j*(21)
-8 + j*(1)
-46 + j*(30)
-6 + j*(66)
31 + j*(75)
31 + j*(16)
-6 + j*(5)
-34 + j*(18)
-19 + j*(77)
29 + j*(63)
32 + j*(19)
-7 + j*(-14)
-35 + j*(35)
-15 + j*(58)
36 + j*(57)
32 + j*(21)
4 + j*(-10)
-38 + j*(27)
-9 + j*(68)
26 + j*(52)
41 + j*(15)
-10 + j*(4)
-38 + j*(25)
-16 + j*(60)
30 + j*(45)
32 + j*(13)
-1 + j*(-10)
-26 + j*(34)
-15 + j*(60)
29 + j*(46)
35 + j*(12)
-6 + j*(-2)
-24 + j*(29)
-14 + j*(57)
26 + j*(54)
28 + j*(4)
-6 + j*(2)
-30 + j*(28)
-14 + j*(54)
29 + j*(39)
22 + j*(6)
1 + j*(0)
-30 + j*(29)
-9 + j*(41)
26 + j*(48)
27 + j*(-2)
-1 + j*(0)
-23 + j*(25)
-10 + j*(47)
33 + j*(38)
24 + j*(9)
2 + j*(16)
-39 + j*(14)
6 + j*(50)
14 + j*(38)
21 + j*(6)
-3 + j*(-5)
-11 + j*(25)
-13 + j*(42)
22 + j*(51)
22 + j*(0)
-2 + j*(4)
-32 + j*(22)
-1 + j*(39)
16 + j*(39)
23 + j*(2)
-6 + j*(5)
-23 + j*(9)
2 + j*(40)
18 + j*(41)
26 + j*(7)
-10 + j*(2)
-24 + j*(17)
2 + j*(36)
19 + j*(40)
27 + j*(2)
-8 + j*(10)
-26 + j*(15)
-8 + j*(38)
18 + j*(21)
22 + j*(2)
5 + j*(-3)
-15 + j*(19)
3 + j*(44)
12 + j*(34)
23 + j*(3)
2 + j*(6)
-18 + j*(12)
-9 + j*(46)
20 + j*(32)
21 + j*(3)
-3 + j*(-5)
-16 + j*(21)
-12 + j*(41)
20 + j*(21)
25 + j*(0)
-2 + j*(12)
-22 + j*(10)
0 + j*(38)
18 + j*(32)
12 + j*(-2)
9 + j*(-2)
-24 + j*(15)
4 + j*(39)
19 + j*(31)
21 + j*(6)
-5 + j*(-2)
-21 + j*(16)
2 + j*(42)
21 + j*(23)
8 + j*(8)
-3 + j*(-7)
-17 + j*(21)
2 + j*(30)
19 + j*(30)
21 + j*(2)
-12 + j*(6)
-14 + j*(16)
2 + j*(32)
16 + j*(27)
12 + j*(-1)
0 + j*(8)
-16 + j*(13)
-5 + j*(31)
18 + j*(24)
14 + j*(-1)
3 + j*(6)
-14 + j*(14)
-2 + j*(32)
10 + j*(37)
17 + j*(-10)
2 + j*(4)
-20 + j*(16)
-3 + j*(38)
19 + j*(22)
12 + j*(4)
-10 + j*(1)
-14 + j*(14)
2 + j*(39)
4 + j*(22)
10 + j*(-5)
2 + j*(2)
-21 + j*(12)
6 + j*(30)
8 + j*(17)
22 + j*(2)
-8 + j*(2)
-19 + j*(14)
10 + j*(28)
8 + j*(23)
11 + j*(6)
-5 + j*(-1)
-18 + j*(5)
6 + j*(22)
11 + j*(34)
18 + j*(-8)
-10 + j*(4)
-17 + j*(3)
8 + j*(33)
14 + j*(17)
13 + j*(4)
-6 + j*(-6)
-13 + j*(13)
3 + j*(33)
13 + j*(19)
9 + j*(-2)
-4 + j*(-6)
-8 + j*(11)
9 + j*(30)
6 + j*(27)
17 + j*(-9)
-8 + j*(5)
-11 + j*(6)
1 + j*(27)
19 + j*(18)
17 + j*(0)
-7 + j*(0)
-8 + j*(16)
1 + j*(29)
13 + j*(19)
14 + j*(-2)
-12 + j*(-1)
-11 + j*(12)
7 + j*(21)
12 + j*(14)
21 + j*(-2)
-5 + j*(4)
-11 + j*(9)
8 + j*(28)
18 + j*(27)
15 + j*(-2)
-14 + j*(4)
-6 + j*(12)
6 + j*(38)
5 + j*(18)
2 + j*(-10)
-5 + j*(4)
-12 + j*(12)
9 + j*(21)
8 + j*(18)
8 + j*(-1)
-1 + j*(1)
-10 + j*(12)
6 + j*(23)
10 + j*(21)
15 + j*(0)
1 + j*(12)
-29 + j*(5)
8 + j*(26)
7 + j*(13)
21 + j*(-4)
-9 + j*(8)
-22 + j*(8)
10 + j*(30)
9 + j*(12)
4 + j*(-3)
-6 + j*(0)
-17 + j*(13)
9 + j*(19)
12 + j*(10)
11 + j*(-3)
-5 + j*(8)
-12 + j*(14)
5 + j*(21)
0 + j*(6)
19 + j*(4)
-16 + j*(8)
-10 + j*(-2)
4 + j*(25)
2 + j*(10)
24 + j*(-9)
-9 + j*(13)
-15 + j*(7)
5 + j*(21)
5 + j*(13)
14 + j*(-3)
-11 + j*(-2)
-5 + j*(7)
5 + j*(27)
5 + j*(5)
18 + j*(-2)
-11 + j*(8)
-13 + j*(7)
3 + j*(22)
8 + j*(3)
16 + j*(-7)
-5 + j*(6)
-9 + j*(3)
9 + j*(30)
6 + j*(2)
13 + j*(-6)
-12 + j*(8)
2 + j*(6)
1 + j*(18)
5 + j*(5)
13 + j*(3)
-2 + j*(-2)
-6 + j*(4)
1 + j*(26)
13 + j*(2)
15 + j*(0)
-4 + j*(2)
-2 + j*(8)
-4 + j*(28)
14 + j*(3)
16 + j*(0)
-8 + j*(1)
-8 + j*(13)
3 + j*(21)
13 + j*(8)
3 + j*(-1)
-4 + j*(-3)
-6 + j*(7)
8 + j*(21)
9 + j*(9)
11 + j*(-1)
-14 + j*(-4)
2 + j*(5)
8 + j*(22)
10 + j*(2)
10 + j*(3)
-2 + j*(-3)
-3 + j*(11)
6 + j*(20)
10 + j*(9)
11 + j*(4)
-13 + j*(1)
-3 + j*(-3)
11 + j*(23)
14 + j*(5)
11 + j*(4)
-5 + j*(4)
0 + j*(13)
-8 + j*(15)
17 + j*(8)
7 + j*(0)
-3 + j*(2)
-8 + j*(9)
0 + j*(18)
23 + j*(9)
6 + j*(3)
-5 + j*(1)
-10 + j*(12)
6 + j*(18)
12 + j*(5)
4 + j*(3)
2 + j*(0)
-15 + j*(14)
0 + j*(15)
15 + j*(10)
12 + j*(-8)
-14 + j*(0)
10 + j*(20)
-3 + j*(22)
10 + j*(5)
-4 + j*(5)
-3 + j*(-1)
-9 + j*(7)
4 + j*(15)
5 + j*(2)
14 + j*(3)
-7 + j*(2)
-7 + j*(8)
2 + j*(19)
10 + j*(1)
10 + j*(-3)
-4 + j*(7)
-8 + j*(6)
9 + j*(21)
-4 + j*(4)
16 + j*(-2)
-11 + j*(1)
-10 + j*(2)
8 + j*(11)
12 + j*(8)
14 + j*(-8)
1 + j*(5)
-11 + j*(16)
8 + j*(16)
10 + j*(8)
0 + j*(-7)
0 + j*(11)
-10 + j*(6)
3 + j*(18)
2 + j*(-1)
10 + j*(3)
-7 + j*(-6)
-11 + j*(1)
9 + j*(15)
13 + j*(6)
8 + j*(-8)
-7 + j*(0)
-2 + j*(7)
13 + j*(15)
4 + j*(10)
13 + j*(-3)
-2 + j*(-2)
-9 + j*(15)
7 + j*(13)
12 + j*(8)
10 + j*(-6)
-11 + j*(4)
-3 + j*(7)
15 + j*(14)
7 + j*(14)
7 + j*(-4)
-9 + j*(7)
0 + j*(6)
4 + j*(19)
-2 + j*(7)
9 + j*(-10)
-2 + j*(2)
-8 + j*(2)
13 + j*(21)
5 + j*(5)
5 + j*(-4)
-5 + j*(1)
-6 + j*(6)
5 + j*(19)
13 + j*(0)
3 + j*(-2)
-6 + j*(1)
-4 + j*(3)
10 + j*(14)
7 + j*(3)
5 + j*(0)
-1 + j*(2)
-7 + j*(6)
5 + j*(14)
7 + j*(-1)
13 + j*(-6)
-2 + j*(-4)
6 + j*(9)
3 + j*(24)
10 + j*(3)
8 + j*(-8)
-8 + j*(6)
-1 + j*(7)
8 + j*(13)
13 + j*(7)
5 + j*(-2)
-11 + j*(5)
0 + j*(6)
9 + j*(14)
3 + j*(5)
12 + j*(-6)
-11 + j*(2)
2 + j*(7)
4 + j*(13)
12 + j*(1)
12 + j*(-2)
-10 + j*(-2)
9 + j*(13)
5 + j*(21)
10 + j*(-2)
2 + j*(0)
-1 + j*(6)
1 + j*(7)
5 + j*(15)
2 + j*(5)
10 + j*(-2)
-11 + j*(3)
-1 + j*(6)
5 + j*(11)
8 + j*(0)
9 + j*(4)
-6 + j*(-1)
-4 + j*(6)
7 + j*(17)
11 + j*(0)
6 + j*(-1)
-14 + j*(1)
9 + j*(5)
5 + j*(9)
17 + j*(4)
8 + j*(7)
-8 + j*(-1)
5 + j*(7)
0 + j*(22)
11 + j*(-1)
1 + j*(-2)
-4 + j*(5)
3 + j*(9)
2 + j*(13)
2 + j*(4)
10 + j*(-1)
-11 + j*(-1)
1 + j*(10)
1 + j*(10)
12 + j*(-1)
10 + j*(4)
-7 + j*(0)
-3 + j*(3)
2 + j*(18)
16 + j*(1)
1 + j*(-5)
-3 + j*(-1)
1 + j*(14)
12 + j*(12)
6 + j*(4)
1 + j*(-3)
2 + j*(2)
-6 + j*(11)
3 + j*(19)
9 + j*(-5)
1 + j*(-9)
-6 + j*(-3)
2 + j*(13)
16 + j*(3)
11 + j*(1)
5 + j*(1)
-2 + j*(13)
-4 + j*(8)
10 + j*(7)
1 + j*(9)
6 + j*(-7)
-2 + j*(6)
-6 + j*(6)
9 + j*(5)
9 + j*(4)
4 + j*(-3)
-3 + j*(4)
5 + j*(9)
3 + j*(11)
3 + j*(7)
5 + j*(-6)
1 + j*(4)
-10 + j*(6)
10 + j*(4)
11 + j*(-1)
10 + j*(-4)
4 + j*(5)
0 + j*(9)
11 + j*(12)
3 + j*(9)
10 + j*(-4)
-8 + j*(15)
-6 + j*(0)
4 + j*(11)
2 + j*(1)
12 + j*(-7)
-4 + j*(2)
0 + j*(10)
9 + j*(11)
6 + j*(3)
11 + j*(-3)
-7 + j*(10)
-3 + j*(5)
11 + j*(17)
-2 + j*(0)
11 + j*(-5)
-8 + j*(10)
0 + j*(3)
5 + j*(17)
9 + j*(-1)
0 + j*(1)
-2 + j*(5)
-4 + j*(4)
6 + j*(13)
2 + j*(-1)
3 + j*(-5)
-2 + j*(-3)
1 + j*(11)
10 + j*(6)
6 + j*(4)
2 + j*(-2)
1 + j*(0)
5 + j*(7)
0 + j*(12)
6 + j*(2)
5 + j*(-1)
-1 + j*(-2)
0 + j*(6)
6 + j*(16)
11 + j*(1)
-1 + j*(-2)
-4 + j*(-6)
7 + j*(13)
4 + j*(11)
10 + j*(-2)
3 + j*(-2)
-2 + j*(0)
7 + j*(6)
3 + j*(6)
17 + j*(10)
7 + j*(-3)
-3 + j*(6)
0 + j*(15)
2 + j*(6)
6 + j*(1)
3 + j*(-4)
2 + j*(0)
1 + j*(8)
6 + j*(12)
10 + j*(1)
6 + j*(-1)
-6 + j*(7)
5 + j*(5)
6 + j*(11)
6 + j*(9)
8 + j*(2)
-10 + j*(-1)
-4 + j*(12)
5 + j*(15)
2 + j*(-4)
3 + j*(0)
-12 + j*(-3)
-1 + j*(3)
15 + j*(11)
4 + j*(-4)
3 + j*(0)
-2 + j*(-1)
2 + j*(10)
5 + j*(11)
7 + j*(-7)
7 + j*(3)
-6 + j*(-1)
4 + j*(2)
12 + j*(9)
12 + j*(1)
4 + j*(9)
-10 + j*(1)
5 + j*(2)
6 + j*(15)
6 + j*(-3)
5 + j*(-1)
-3 + j*(2)
6 + j*(5)
2 + j*(11)
12 + j*(1)
6 + j*(1)
-6 + j*(3)
5 + j*(8)
5 + j*(13)
9 + j*(-1)
3 + j*(4)
-9 + j*(-1)
-1 + j*(2)
9 + j*(7)
16 + j*(-2)
7 + j*(7)
-6 + j*(0)
5 + j*(13)
4 + j*(14)
12 + j*(-4)
