chT0 = [4715 + j*(-36)
2496 + j*(3222)
-641 + j*(2378)
-589 + j*(234)
568 + j*(333)
119 + j*(1010)
-427 + j*(404)
115 + j*(7)
278 + j*(491)
-209 + j*(475)
-112 + j*(24)
232 + j*(186)
-16 + j*(426)
-187 + j*(127)
108 + j*(26)
113 + j*(299)
-146 + j*(225)
-21 + j*(-4)
145 + j*(156)
-51 + j*(260)
-106 + j*(47)
99 + j*(40)
49 + j*(221)
-110 + j*(124)
15 + j*(-1)
94 + j*(141)
-64 + j*(172)
-58 + j*(11)
89 + j*(49)
14 + j*(169)
-77 + j*(66)
41 + j*(5)
66 + j*(129)
-59 + j*(117)
-18 + j*(5)
74 + j*(70)
-16 + j*(139)
-61 + j*(33)
47 + j*(16)
36 + j*(117)
-60 + j*(76)
3 + j*(-5)
63 + j*(75)
-29 + j*(108)
-39 + j*(13)
53 + j*(26)
16 + j*(106)
-50 + j*(49)
20 + j*(-2)
48 + j*(76)
-32 + j*(80)
-15 + j*(5)
52 + j*(44)
-5 + j*(97)
-45 + j*(25)
34 + j*(4)
34 + j*(83)
-41 + j*(62)
-4 + j*(-4)
50 + j*(48)
-13 + j*(88)
-36 + j*(18)
32 + j*(16)
13 + j*(77)
-45 + j*(41)
6 + j*(-12)
43 + j*(46)
-19 + j*(66)
-22 + j*(6)
36 + j*(19)
8 + j*(69)
-34 + j*(28)
16 + j*(-3)
30 + j*(52)
-25 + j*(52)
-9 + j*(-4)
37 + j*(25)
-1 + j*(63)
-26 + j*(16)
22 + j*(4)
20 + j*(54)
-25 + j*(35)
4 + j*(-3)
35 + j*(37)
-12 + j*(57)
-21 + j*(6)
28 + j*(10)
12 + j*(54)
-27 + j*(28)
7 + j*(-1)
25 + j*(37)
-17 + j*(43)
-12 + j*(1)
25 + j*(16)
2 + j*(42)
-16 + j*(11)
23 + j*(2)
21 + j*(42)
-19 + j*(33)
1 + j*(-3)
33 + j*(27)
-4 + j*(49)
-18 + j*(8)
21 + j*(5)
14 + j*(43)
-19 + j*(26)
3 + j*(-1)
21 + j*(25)
-8 + j*(33)
-5 + j*(0)
27 + j*(14)
7 + j*(42)
-15 + j*(16)
17 + j*(3)
20 + j*(37)
-14 + j*(35)
-3 + j*(2)
23 + j*(20)
-5 + j*(37)
-14 + j*(6)
21 + j*(4)
16 + j*(39)
-18 + j*(25)
4 + j*(-1)
21 + j*(25)
-10 + j*(33)
-8 + j*(-1)
28 + j*(8)
13 + j*(43)
-19 + j*(23)
4 + j*(-1)
18 + j*(25)
-8 + j*(31)
-8 + j*(4)
17 + j*(13)
1 + j*(30)
-11 + j*(8)
15 + j*(2)
14 + j*(30)
-16 + j*(23)
-4 + j*(-4)
18 + j*(10)
1 + j*(24)
-3 + j*(4)
18 + j*(7)
11 + j*(31)
-10 + j*(16)
8 + j*(3)
16 + j*(25)
-7 + j*(25)
-3 + j*(1)
21 + j*(11)
4 + j*(31)
-10 + j*(13)
11 + j*(2)
12 + j*(25)
-9 + j*(18)
4 + j*(1)
18 + j*(21)
-6 + j*(29)
-12 + j*(0)
18 + j*(1)
11 + j*(29)
-13 + j*(16)
5 + j*(-4)
21 + j*(18)
-6 + j*(27)
-6 + j*(2)
19 + j*(9)
4 + j*(31)
-13 + j*(12)
8 + j*(-1)
15 + j*(22)
-10 + j*(21)
-2 + j*(-2)
20 + j*(9)
3 + j*(28)
-8 + j*(8)
12 + j*(3)
8 + j*(25)
-14 + j*(13)
4 + j*(-8)
24 + j*(13)
0 + j*(28)
-8 + j*(4)
18 + j*(3)
11 + j*(28)
-11 + j*(16)
4 + j*(-1)
16 + j*(16)
-6 + j*(23)
-7 + j*(2)
12 + j*(6)
4 + j*(21)
-6 + j*(6)
14 + j*(1)
13 + j*(25)
-8 + j*(20)
1 + j*(-1)
18 + j*(13)
-3 + j*(27)
-12 + j*(3)
11 + j*(-3)
10 + j*(18)
-6 + j*(11)
8 + j*(-1)
17 + j*(18)
-4 + j*(25)
-8 + j*(1)
13 + j*(4)
5 + j*(22)
-8 + j*(10)
8 + j*(-1)
12 + j*(19)
-8 + j*(17)
-4 + j*(-4)
15 + j*(7)
1 + j*(23)
-9 + j*(4)
12 + j*(-3)
13 + j*(19)
-6 + j*(15)
2 + j*(-2)
17 + j*(11)
-1 + j*(21)
-6 + j*(3)
13 + j*(-1)
11 + j*(18)
-5 + j*(10)
7 + j*(0)
16 + j*(15)
-3 + j*(18)
-1 + j*(0)
18 + j*(7)
6 + j*(23)
-9 + j*(9)
6 + j*(-1)
12 + j*(14)
-2 + j*(14)
1 + j*(0)
14 + j*(9)
1 + j*(19)
-5 + j*(5)
11 + j*(4)
8 + j*(20)
-8 + j*(11)
5 + j*(-1)
13 + j*(13)
-4 + j*(19)
-6 + j*(2)
11 + j*(4)
5 + j*(21)
-10 + j*(9)
2 + j*(-3)
10 + j*(10)
-4 + j*(13)
0 + j*(-1)
13 + j*(7)
3 + j*(17)
-4 + j*(4)
10 + j*(4)
7 + j*(17)
-9 + j*(11)
1 + j*(-4)
13 + j*(10)
-4 + j*(16)
-6 + j*(-1)
11 + j*(0)
8 + j*(16)
-4 + j*(8)
7 + j*(-1)
11 + j*(11)
-3 + j*(14)
0 + j*(0)
13 + j*(8)
0 + j*(19)
-8 + j*(3)
10 + j*(-1)
11 + j*(18)
-8 + j*(13)
-1 + j*(-5)
16 + j*(5)
2 + j*(18)
-5 + j*(6)
7 + j*(3)
3 + j*(16)
-8 + j*(4)
7 + j*(-7)
18 + j*(10)
-1 + j*(21)
-8 + j*(2)
7 + j*(0)
5 + j*(13)
-4 + j*(7)
5 + j*(-1)
11 + j*(13)
-4 + j*(13)
-1 + j*(-1)
12 + j*(5)
4 + j*(16)
-6 + j*(5)
4 + j*(-1)
8 + j*(9)
-3 + j*(7)
4 + j*(-1)
8 + j*(9)
-4 + j*(11)
-5 + j*(-4)
11 + j*(-1)
6 + j*(12)
-3 + j*(4)
8 + j*(-4)
13 + j*(11)
-2 + j*(13)
-1 + j*(-1)
11 + j*(3)
3 + j*(13)
-5 + j*(2)
7 + j*(-2)
8 + j*(11)
-4 + j*(8)
2 + j*(-4)
13 + j*(8)
0 + j*(16)
-6 + j*(1)
10 + j*(-4)
9 + j*(13)
-6 + j*(9)
1 + j*(-4)
11 + j*(5)
1 + j*(13)
-4 + j*(0)
8 + j*(-1)
6 + j*(11)
-3 + j*(5)
6 + j*(-2)
8 + j*(8)
1 + j*(8)
4 + j*(0)
10 + j*(7)
-1 + j*(12)
-6 + j*(-1)
9 + j*(-4)
9 + j*(11)
-4 + j*(6)
4 + j*(-4)
13 + j*(4)
1 + j*(13)
-2 + j*(2)
8 + j*(4)
1 + j*(12)
-8 + j*(2)
4 + j*(-10)
16 + j*(3)
4 + j*(8)
4 + j*(-1)
12 + j*(4)
8 + j*(12)
-2 + j*(7)
6 + j*(1)
7 + j*(11)
-3 + j*(7)
2 + j*(-1)
9 + j*(5)
-1 + j*(8)
0 + j*(-2)
11 + j*(0)
8 + j*(13)
-2 + j*(6)
5 + j*(-2)
11 + j*(7)
-2 + j*(10)
1 + j*(-1)
11 + j*(5)
2 + j*(16)
-7 + j*(3)
6 + j*(-6)
11 + j*(7)
-1 + j*(8)
1 + j*(-1)
10 + j*(4)
1 + j*(11)
-4 + j*(1)
8 + j*(-3)
8 + j*(10)
-4 + j*(6)
3 + j*(-6)
11 + j*(4)
1 + j*(11)
-1 + j*(-1)
9 + j*(-1)
9 + j*(8)
0 + j*(4)
8 + j*(-2)
10 + j*(8)
-1 + j*(8)
2 + j*(-2)
13 + j*(3)
6 + j*(13)
-1 + j*(3)
9 + j*(0)
10 + j*(12)
-3 + j*(11)
1 + j*(-2)
11 + j*(4)
4 + j*(13)
-2 + j*(3)
7 + j*(1)
7 + j*(11)
-3 + j*(6)
4 + j*(-2)
10 + j*(6)
1 + j*(10)
1 + j*(0)
9 + j*(4)
4 + j*(13)
-5 + j*(5)
4 + j*(-1)
6 + j*(8)
-3 + j*(6)
2 + j*(-3)
11 + j*(4)
1 + j*(13)
-6 + j*(1)
6 + j*(-3)
7 + j*(8)
-4 + j*(6)
1 + j*(-5)
11 + j*(3)
4 + j*(8)
1 + j*(-1)
11 + j*(3)
4 + j*(12)
-7 + j*(4)
2 + j*(-6)
11 + j*(4)
3 + j*(8)
1 + j*(-1)
10 + j*(1)
8 + j*(11)
1 + j*(6)
6 + j*(4)
4 + j*(11)
-4 + j*(6)
0 + j*(-2)
8 + j*(5)
-2 + j*(11)
-6 + j*(-1)
6 + j*(-5)
8 + j*(6)
-1 + j*(4)
4 + j*(-4)
9 + j*(4)
0 + j*(7)
0 + j*(-3)
11 + j*(-1)
8 + j*(10)
-1 + j*(5)
5 + j*(-2)
8 + j*(5)
0 + j*(6)
4 + j*(-2)
12 + j*(5)
5 + j*(11)
-1 + j*(4)
5 + j*(2)
5 + j*(11)
-6 + j*(6)
-1 + j*(-4)
8 + j*(-1)
1 + j*(4)
1 + j*(-1)
8 + j*(0)
6 + j*(8)
-1 + j*(4)
5 + j*(-2)
8 + j*(4)
1 + j*(6)
3 + j*(-3)
9 + j*(3)
2 + j*(10)
-3 + j*(1)
7 + j*(-3)
8 + j*(5)
1 + j*(4)
4 + j*(-2)
10 + j*(4)
1 + j*(8)
-1 + j*(-1)
9 + j*(-1)
8 + j*(8)
1 + j*(4)
7 + j*(-1)
9 + j*(9)
-1 + j*(9)
-1 + j*(-2)
11 + j*(1)
4 + j*(11)
-2 + j*(4)
6 + j*(-1)
6 + j*(8)
-1 + j*(6)
3 + j*(-4)
11 + j*(3)
2 + j*(13)
-6 + j*(2)
5 + j*(-3)
7 + j*(6)
-1 + j*(6)
2 + j*(-2)
7 + j*(2)
-1 + j*(6)
-1 + j*(-4)
11 + j*(-3)
8 + j*(8)
-1 + j*(5)
4 + j*(-4)
9 + j*(3)
3 + j*(7)
1 + j*(1)
8 + j*(4)
2 + j*(10)
-4 + j*(4)
4 + j*(-2)
6 + j*(4)
0 + j*(4)
1 + j*(-1)
7 + j*(2)
3 + j*(6)
0 + j*(0)
6 + j*(0)
6 + j*(7)
-1 + j*(3)
4 + j*(-2)
8 + j*(4)
2 + j*(6)
3 + j*(-1)
8 + j*(1)
4 + j*(8)
-1 + j*(1)
6 + j*(-1)
8 + j*(7)
-1 + j*(6)
1 + j*(-2)
8 + j*(2)
1 + j*(8)
-1 + j*(-1)
6 + j*(-2)
6 + j*(8)
-1 + j*(3)
4 + j*(-3)
9 + j*(5)
1 + j*(8)
-1 + j*(-1)
8 + j*(0)
4 + j*(7)
-2 + j*(2)
5 + j*(-4)
7 + j*(6)
-1 + j*(5)
0 + j*(-5)
11 + j*(-1)
6 + j*(8)
-1 + j*(2)
6 + j*(-1)
8 + j*(6)
-1 + j*(6)
1 + j*(-2)
7 + j*(2)
1 + j*(5)
0 + j*(-1)
8 + j*(-2)
6 + j*(6)
-1 + j*(1)
6 + j*(-4)
11 + j*(4)
2 + j*(6)
1 + j*(0)
8 + j*(1)
4 + j*(8)
-1 + j*(1)
5 + j*(-4)
9 + j*(4)
1 + j*(6)
2 + j*(-2)
8 + j*(2)
4 + j*(7)
0 + j*(1)
5 + j*(1)
4 + j*(6)
-2 + j*(3)
3 + j*(-4)
8 + j*(3)
1 + j*(7)
1 + j*(-1)
6 + j*(0)
5 + j*(6)
-1 + j*(2)
4 + j*(-3)
6 + j*(6)
-2 + j*(5)
0 + j*(-3)
8 + j*(-1)
3 + j*(6)
0 + j*(0)
6 + j*(-2)
6 + j*(4)
-2 + j*(3)
3 + j*(-4)
8 + j*(2)
2 + j*(6)
1 + j*(-1)
8 + j*(0)
4 + j*(8)
-3 + j*(4)
3 + j*(-4)
6 + j*(2)
0 + j*(4)
0 + j*(-2)
6 + j*(0)
4 + j*(6)
-3 + j*(1)
4 + j*(-3)
6 + j*(4)
-1 + j*(2)
2 + j*(-4)
8 + j*(2)
1 + j*(7)
-1 + j*(-2)
8 + j*(-3)
7 + j*(6)
-2 + j*(4)
1 + j*(-4)
7 + j*(1)
1 + j*(6)
-1 + j*(-2)
6 + j*(-3)
6 + j*(4)
1 + j*(1)
5 + j*(-1)
7 + j*(4)
-1 + j*(5)
-1 + j*(-4)
8 + j*(-2)
4 + j*(5)
0 + j*(0)
6 + j*(-1)
6 + j*(4)
-1 + j*(2)
4 + j*(-4)
8 + j*(3)
1 + j*(4)
1 + j*(-3)
9 + j*(-1)
6 + j*(6)
-1 + j*(1)
5 + j*(-4)
9 + j*(4)
1 + j*(6)
1 + j*(-3)
9 + j*(-1)
5 + j*(6)
0 + j*(1)
6 + j*(-4)
7 + j*(3)
1 + j*(4)
1 + j*(-4)
8 + j*(0)
3 + j*(6)
0 + j*(-1)
7 + j*(-1)
6 + j*(6)
-1 + j*(2)
2 + j*(-4)
8 + j*(1)
1 + j*(5)
2 + j*(-4)
8 + j*(-3)
8 + j*(6)
0 + j*(2)
5 + j*(-1)
7 + j*(4)
1 + j*(4)
2 + j*(-4)
9 + j*(1)
4 + j*(5)
0 + j*(-1)
8 + j*(-4)
7 + j*(6)
1 + j*(3)
4 + j*(-4)
8 + j*(1)
3 + j*(6)
-1 + j*(-2)
7 + j*(-2)
6 + j*(6)
-1 + j*(1)
4 + j*(-3)
9 + j*(1)
4 + j*(5)
2 + j*(-3)
8 + j*(0)
6 + j*(6)
0 + j*(1)
4 + j*(-2)
7 + j*(5)
0 + j*(4)
1 + j*(-2)
6 + j*(1)
3 + j*(4)
-1 + j*(-1)
