chF0 = [352 + j*(0)
352 + j*(-4)
356 + j*(-4)
352 + j*(-4)
356 + j*(4)
356 + j*(0)
364 + j*(0)
360 + j*(0)
360 + j*(0)
356 + j*(0)
356 + j*(0)
352 + j*(0)
356 + j*(0)
356 + j*(0)
364 + j*(4)
356 + j*(-4)
352 + j*(-4)
356 + j*(-4)
360 + j*(0)
356 + j*(0)
356 + j*(0)
352 + j*(0)
356 + j*(0)
356 + j*(-4)
360 + j*(-4)
356 + j*(-8)
356 + j*(-4)
352 + j*(-8)
356 + j*(-4)
356 + j*(-4)
360 + j*(0)
360 + j*(0)
360 + j*(4)
356 + j*(0)
356 + j*(0)
352 + j*(-4)
356 + j*(-4)
352 + j*(-8)
352 + j*(-8)
352 + j*(-4)
356 + j*(4)
352 + j*(0)
356 + j*(0)
356 + j*(0)
360 + j*(0)
360 + j*(0)
360 + j*(0)
360 + j*(-4)
360 + j*(-8)
356 + j*(-4)
356 + j*(0)
352 + j*(-4)
356 + j*(-8)
352 + j*(-4)
356 + j*(0)
352 + j*(0)
356 + j*(0)
356 + j*(0)
360 + j*(0)
356 + j*(0)
356 + j*(0)
356 + j*(-4)
360 + j*(-8)
360 + j*(-4)
364 + j*(0)
360 + j*(-4)
360 + j*(-4)
360 + j*(-8)
360 + j*(-4)
356 + j*(-4)
356 + j*(0)
352 + j*(0)
356 + j*(4)
352 + j*(-4)
356 + j*(-4)
352 + j*(-8)
356 + j*(-8)
356 + j*(-8)
364 + j*(-4)
360 + j*(-8)
360 + j*(-4)
356 + j*(-8)
356 + j*(-4)
356 + j*(-4)
360 + j*(4)
360 + j*(-4)
360 + j*(-8)
356 + j*(-4)
356 + j*(0)
352 + j*(0)
356 + j*(0)
352 + j*(-4)
356 + j*(-4)
356 + j*(-4)
360 + j*(0)
356 + j*(0)
352 + j*(0)
352 + j*(-4)
356 + j*(-4)
356 + j*(-8)
360 + j*(-4)
356 + j*(-8)
356 + j*(-4)
356 + j*(-4)
360 + j*(0)
356 + j*(-4)
356 + j*(-4)
352 + j*(-4)
356 + j*(4)
352 + j*(-4)
356 + j*(-4)
356 + j*(-8)
364 + j*(-4)
360 + j*(-4)
360 + j*(0)
356 + j*(0)
356 + j*(4)
352 + j*(0)
356 + j*(4)
356 + j*(-4)
360 + j*(-8)
360 + j*(-8)
360 + j*(-4)
360 + j*(-8)
364 + j*(-4)
356 + j*(-4)
356 + j*(0)
356 + j*(-4)
360 + j*(-4)
360 + j*(-4)
360 + j*(0)
356 + j*(0)
356 + j*(0)
352 + j*(-4)
356 + j*(-4)
356 + j*(-4)
360 + j*(0)
356 + j*(0)
356 + j*(0)
352 + j*(0)
356 + j*(0)
352 + j*(0)
356 + j*(0)
352 + j*(-4)
356 + j*(-4)
352 + j*(-4)
356 + j*(0)
356 + j*(0)
364 + j*(0)
356 + j*(0)
356 + j*(0)
352 + j*(-4)
356 + j*(-4)
352 + j*(-4)
356 + j*(0)
356 + j*(-4)
364 + j*(-4)
356 + j*(-8)
356 + j*(-4)
356 + j*(-8)
364 + j*(-8)
356 + j*(-4)
356 + j*(0)
352 + j*(0)
356 + j*(0)
352 + j*(0)
356 + j*(4)
356 + j*(-4)
360 + j*(-4)
356 + j*(-4)
352 + j*(0)
352 + j*(0)
356 + j*(0)
352 + j*(0)
356 + j*(0)
352 + j*(-4)
352 + j*(-8)
356 + j*(-4)
360 + j*(0)
356 + j*(-4)
356 + j*(-4)
356 + j*(-8)
360 + j*(-4)
360 + j*(-4)
360 + j*(4)
356 + j*(0)
356 + j*(4)
352 + j*(-4)
356 + j*(-4)
356 + j*(-4)
360 + j*(0)
356 + j*(-4)
356 + j*(-8)
356 + j*(-4)
360 + j*(0)
356 + j*(0)
356 + j*(0)
356 + j*(-4)
360 + j*(-8)
360 + j*(-8)
360 + j*(-4)
360 + j*(-8)
360 + j*(-4)
356 + j*(-4)
356 + j*(0)
356 + j*(0)
364 + j*(4)
356 + j*(-4)
356 + j*(-4)
352 + j*(-4)
356 + j*(0)
356 + j*(0)
360 + j*(0)
360 + j*(0)
360 + j*(0)
360 + j*(-4)
360 + j*(-8)
356 + j*(-8)
356 + j*(-4)
352 + j*(-8)
352 + j*(-4)
356 + j*(-4)
360 + j*(0)
356 + j*(-4)
356 + j*(-4)
352 + j*(-8)
352 + j*(-8)
352 + j*(-8)
356 + j*(-8)
356 + j*(-8)
360 + j*(-8)
360 + j*(-8)
360 + j*(-8)
356 + j*(-4)
352 + j*(4)
356 + j*(0)
360 + j*(0)
356 + j*(0)
352 + j*(0)
352 + j*(0)
356 + j*(4)
352 + j*(0)
356 + j*(4)
356 + j*(-4)
360 + j*(-4)
356 + j*(-8)
352 + j*(-4)
356 + j*(-4)
364 + j*(4)
356 + j*(-4)
356 + j*(-4)
356 + j*(-4)
360 + j*(0)
356 + j*(0)
356 + j*(0)
352 + j*(0)
356 + j*(0)
356 + j*(-4)
360 + j*(-4)
356 + j*(-4)
356 + j*(0)
352 + j*(0)
356 + j*(0)
352 + j*(-4)
356 + j*(-4)
352 + j*(-4)
352 + j*(0)
352 + j*(-4)
356 + j*(-8)
356 + j*(-4)
364 + j*(0)
360 + j*(-4)
360 + j*(-4)
360 + j*(-8)
360 + j*(-4)
360 + j*(-8)
360 + j*(-4)
356 + j*(-8)
352 + j*(-4)
352 + j*(0)
356 + j*(8)
356 + j*(4)
360 + j*(4)
356 + j*(0)
356 + j*(0)
352 + j*(-4)
356 + j*(-4)
356 + j*(-8)
360 + j*(-8)
360 + j*(-4)
360 + j*(0)
356 + j*(-4)
352 + j*(-4)
356 + j*(-8)
360 + j*(-8)
356 + j*(-8)
356 + j*(-4)
352 + j*(-4)
356 + j*(4)
352 + j*(-4)
356 + j*(-4)
356 + j*(-8)
360 + j*(-4)
356 + j*(-4)
356 + j*(0)
352 + j*(-4)
356 + j*(-4)
352 + j*(-4)
352 + j*(0)
352 + j*(0)
352 + j*(0)
352 + j*(0)
356 + j*(4)
352 + j*(-4)
356 + j*(-4)
352 + j*(-8)
356 + j*(-8)
356 + j*(-4)
360 + j*(0)
360 + j*(0)
364 + j*(0)
356 + j*(-4)
356 + j*(-8)
356 + j*(-8)
360 + j*(-4)
356 + j*(-4)
356 + j*(0)
352 + j*(-4)
352 + j*(-4)
356 + j*(-4)
360 + j*(4)
352 + j*(-4)
348 + j*(-4)
352 + j*(-8)
360 + j*(-8)
356 + j*(-8)
352 + j*(-8)
352 + j*(-4)
356 + j*(0)
352 + j*(0)
356 + j*(0)
356 + j*(-4)
364 + j*(-4)
356 + j*(-8)
352 + j*(-4)
352 + j*(-4)
356 + j*(4)
356 + j*(-4)
360 + j*(-4)
356 + j*(-8)
356 + j*(-4)
356 + j*(-8)
360 + j*(-4)
356 + j*(-4)
356 + j*(0)
352 + j*(0)
352 + j*(0)
352 + j*(-4)
352 + j*(-4)
356 + j*(-4)
360 + j*(0)
356 + j*(0)
356 + j*(0)
356 + j*(0)
364 + j*(0)
356 + j*(-4)
356 + j*(-8)
352 + j*(-4)
352 + j*(4)
356 + j*(0)
364 + j*(4)
360 + j*(-4)
364 + j*(-8)
356 + j*(-8)
356 + j*(-4)
356 + j*(-4)
360 + j*(0)
360 + j*(-4)
360 + j*(-8)
356 + j*(-12)
356 + j*(-12)
352 + j*(-8)
356 + j*(0)
352 + j*(-4)
356 + j*(-4)
356 + j*(-8)
360 + j*(-8)
356 + j*(-4)
352 + j*(4)
352 + j*(0)
352 + j*(0)
356 + j*(-4)
360 + j*(-8)
360 + j*(-4)
364 + j*(0)
360 + j*(-4)
360 + j*(-4)
356 + j*(-4)
356 + j*(0)
352 + j*(-4)
352 + j*(-4)
356 + j*(-4)
360 + j*(0)
356 + j*(0)
356 + j*(0)
356 + j*(0)
364 + j*(0)
360 + j*(-4)
360 + j*(-8)
356 + j*(-4)
356 + j*(4)
356 + j*(0)
360 + j*(4)
360 + j*(0)
360 + j*(0)
356 + j*(0)
352 + j*(0)
352 + j*(0)
356 + j*(0)
356 + j*(-4)
360 + j*(-8)
356 + j*(-4)
352 + j*(4)
352 + j*(-4)
356 + j*(-4)
352 + j*(-4)
356 + j*(0)
352 + j*(0)
356 + j*(0)
356 + j*(-4)
364 + j*(-4)
360 + j*(-4)
360 + j*(4)
356 + j*(0)
356 + j*(0)
352 + j*(0)
352 + j*(0)
352 + j*(-4)
356 + j*(-4)
356 + j*(-4)
360 + j*(0)
356 + j*(-4)
352 + j*(-4)
352 + j*(-4)
356 + j*(0)
352 + j*(-4)
356 + j*(-4)
352 + j*(-8)
356 + j*(-4)
352 + j*(-8)
352 + j*(-4)
352 + j*(-8)
356 + j*(-8)
352 + j*(-8)
352 + j*(-8)
356 + j*(-4)
360 + j*(0)
360 + j*(0)
360 + j*(0)
360 + j*(-8)
360 + j*(-12)
360 + j*(-8)
360 + j*(0)
360 + j*(0)
360 + j*(0)
356 + j*(0)
356 + j*(0)
356 + j*(0)
360 + j*(0)
360 + j*(0)
364 + j*(0)
356 + j*(0)
352 + j*(0)
352 + j*(0)
356 + j*(0)
352 + j*(-4)
356 + j*(-8)
352 + j*(-8)
352 + j*(-8)
352 + j*(-4)
356 + j*(0)
356 + j*(0)
360 + j*(0)
360 + j*(0)
360 + j*(0)
356 + j*(-4)
356 + j*(-4)
356 + j*(-4)
360 + j*(0)
356 + j*(0)
356 + j*(0)
356 + j*(-4)
360 + j*(-4)
356 + j*(-8)
356 + j*(-4)
356 + j*(-4)
360 + j*(0)
360 + j*(-4)
364 + j*(-4)
356 + j*(-8)
356 + j*(-4)
356 + j*(-8)
360 + j*(-8)
360 + j*(-4)
360 + j*(0)
356 + j*(0)
356 + j*(0)
352 + j*(-4)
356 + j*(-8)
356 + j*(-8)
364 + j*(-4)
356 + j*(-4)
352 + j*(0)
352 + j*(0)
356 + j*(0)
356 + j*(0)
364 + j*(0)
356 + j*(0)
356 + j*(0)
356 + j*(0)
360 + j*(0)
360 + j*(-4)
360 + j*(-4)
356 + j*(-8)
352 + j*(-4)
356 + j*(-4)
364 + j*(0)
360 + j*(-4)
364 + j*(-4)
356 + j*(-4)
356 + j*(0)
352 + j*(0)
356 + j*(0)
352 + j*(0)
356 + j*(0)
352 + j*(0)
356 + j*(4)
356 + j*(0)
360 + j*(4)
360 + j*(0)
360 + j*(0)
356 + j*(0)
356 + j*(0)
352 + j*(0)
352 + j*(0)
356 + j*(0)
360 + j*(0)
360 + j*(0)
360 + j*(4)
360 + j*(0)
360 + j*(0)
356 + j*(-4)
356 + j*(-4)
356 + j*(-8)
360 + j*(-4)
360 + j*(-4)
360 + j*(0)
360 + j*(0)
360 + j*(0)
356 + j*(0)
356 + j*(0)
356 + j*(-4)
360 + j*(-8)
356 + j*(-8)
352 + j*(-4)
356 + j*(-4)
360 + j*(0)
360 + j*(0)
364 + j*(0)
360 + j*(-4)
364 + j*(-4)
360 + j*(-8)
360 + j*(-4)
356 + j*(-8)
356 + j*(-4)
352 + j*(-4)
356 + j*(0)
352 + j*(-4)
356 + j*(-4)
356 + j*(-4)
360 + j*(0)
356 + j*(0)
352 + j*(4)
352 + j*(0)
356 + j*(0)
352 + j*(0)
356 + j*(0)
356 + j*(-4)
360 + j*(-4)
356 + j*(-4)
352 + j*(0)
352 + j*(0)
356 + j*(0)
356 + j*(0)
360 + j*(0)
360 + j*(0)
360 + j*(0)
356 + j*(0)
356 + j*(0)
356 + j*(0)
360 + j*(4)
356 + j*(-4)
356 + j*(-4)
352 + j*(-4)
356 + j*(0)
352 + j*(0)
352 + j*(0)
352 + j*(-4)
356 + j*(-4)
352 + j*(-4)
356 + j*(0)
356 + j*(-4)
364 + j*(-4)
356 + j*(-4)
356 + j*(0)
352 + j*(-4)
356 + j*(-4)
356 + j*(-4)
364 + j*(4)
360 + j*(0)
360 + j*(0)
356 + j*(0)
356 + j*(0)
356 + j*(-4)
360 + j*(-8)
356 + j*(-8)
356 + j*(-4)
352 + j*(-4)
356 + j*(0)
352 + j*(-4)
356 + j*(-8)
352 + j*(-8)
356 + j*(-4)
352 + j*(-8)
352 + j*(-4)
356 + j*(-4)
