chT0 = [4713 + j*(-37)
2494 + j*(3221)
-642 + j*(2379)
-592 + j*(231)
569 + j*(330)
122 + j*(1011)
-427 + j*(409)
111 + j*(8)
273 + j*(488)
-210 + j*(468)
-110 + j*(20)
234 + j*(183)
-13 + j*(425)
-186 + j*(127)
105 + j*(27)
110 + j*(296)
-145 + j*(219)
-20 + j*(-6)
148 + j*(153)
-47 + j*(255)
-98 + j*(44)
105 + j*(43)
49 + j*(225)
-112 + j*(123)
18 + j*(-4)
98 + j*(141)
-61 + j*(173)
-55 + j*(12)
89 + j*(54)
14 + j*(171)
-79 + j*(66)
41 + j*(6)
63 + j*(133)
-65 + j*(119)
-25 + j*(-2)
75 + j*(59)
-8 + j*(134)
-52 + j*(32)
54 + j*(17)
38 + j*(124)
-62 + j*(81)
-1 + j*(-3)
62 + j*(73)
-29 + j*(108)
-40 + j*(13)
52 + j*(22)
20 + j*(105)
-49 + j*(50)
20 + j*(1)
49 + j*(77)
-33 + j*(82)
-18 + j*(6)
47 + j*(42)
-8 + j*(92)
-45 + j*(22)
32 + j*(1)
34 + j*(78)
-39 + j*(59)
-4 + j*(-7)
49 + j*(42)
-10 + j*(78)
-28 + j*(13)
39 + j*(13)
18 + j*(78)
-40 + j*(42)
7 + j*(-8)
45 + j*(47)
-16 + j*(67)
-18 + j*(8)
36 + j*(22)
7 + j*(69)
-30 + j*(28)
18 + j*(3)
28 + j*(55)
-27 + j*(48)
-7 + j*(0)
35 + j*(30)
-6 + j*(62)
-27 + j*(11)
25 + j*(4)
20 + j*(54)
-28 + j*(34)
5 + j*(-9)
39 + j*(33)
-6 + j*(56)
-16 + j*(9)
29 + j*(14)
10 + j*(56)
-28 + j*(25)
9 + j*(-6)
28 + j*(36)
-13 + j*(42)
-9 + j*(0)
30 + j*(17)
6 + j*(48)
-17 + j*(16)
20 + j*(5)
20 + j*(43)
-18 + j*(34)
1 + j*(-1)
29 + j*(25)
-4 + j*(44)
-14 + j*(6)
23 + j*(6)
16 + j*(41)
-15 + j*(22)
13 + j*(1)
27 + j*(35)
-8 + j*(41)
-6 + j*(4)
26 + j*(16)
3 + j*(42)
-17 + j*(12)
18 + j*(-1)
24 + j*(38)
-14 + j*(36)
-4 + j*(2)
25 + j*(20)
0 + j*(40)
-14 + j*(8)
19 + j*(6)
13 + j*(37)
-16 + j*(20)
10 + j*(-4)
29 + j*(28)
-6 + j*(41)
-10 + j*(4)
25 + j*(10)
11 + j*(44)
-19 + j*(23)
5 + j*(-1)
21 + j*(25)
-8 + j*(33)
-5 + j*(4)
18 + j*(16)
-1 + j*(35)
-16 + j*(10)
11 + j*(1)
12 + j*(28)
-13 + j*(19)
3 + j*(-4)
25 + j*(17)
0 + j*(33)
-11 + j*(7)
16 + j*(5)
10 + j*(30)
-10 + j*(18)
8 + j*(1)
15 + j*(25)
-8 + j*(27)
-6 + j*(1)
18 + j*(9)
5 + j*(28)
-9 + j*(10)
13 + j*(1)
15 + j*(25)
-7 + j*(21)
4 + j*(1)
21 + j*(18)
-5 + j*(30)
-12 + j*(3)
17 + j*(-2)
16 + j*(28)
-10 + j*(21)
3 + j*(-1)
18 + j*(16)
-1 + j*(25)
-3 + j*(5)
20 + j*(8)
8 + j*(28)
-8 + j*(13)
10 + j*(2)
16 + j*(23)
-4 + j*(23)
1 + j*(5)
17 + j*(16)
1 + j*(28)
-6 + j*(9)
12 + j*(9)
5 + j*(30)
-17 + j*(16)
1 + j*(-5)
19 + j*(15)
-4 + j*(27)
-8 + j*(3)
16 + j*(4)
10 + j*(26)
-8 + j*(16)
6 + j*(1)
13 + j*(21)
-8 + j*(22)
-5 + j*(-1)
17 + j*(8)
4 + j*(26)
-9 + j*(8)
12 + j*(1)
13 + j*(23)
-9 + j*(20)
-2 + j*(1)
15 + j*(12)
-3 + j*(23)
-11 + j*(4)
11 + j*(0)
8 + j*(18)
-8 + j*(11)
7 + j*(-2)
16 + j*(18)
-5 + j*(22)
-6 + j*(0)
15 + j*(4)
6 + j*(24)
-9 + j*(8)
9 + j*(-1)
13 + j*(19)
-9 + j*(20)
-4 + j*(-4)
18 + j*(4)
8 + j*(23)
-6 + j*(10)
10 + j*(4)
7 + j*(23)
-12 + j*(16)
-1 + j*(-4)
14 + j*(10)
0 + j*(23)
-8 + j*(4)
8 + j*(1)
6 + j*(16)
-8 + j*(10)
3 + j*(-1)
11 + j*(9)
-3 + j*(13)
2 + j*(-3)
17 + j*(8)
4 + j*(22)
-9 + j*(5)
8 + j*(-3)
13 + j*(16)
-5 + j*(14)
1 + j*(-4)
16 + j*(6)
6 + j*(20)
-3 + j*(8)
8 + j*(4)
6 + j*(17)
-6 + j*(8)
7 + j*(-2)
18 + j*(13)
1 + j*(21)
-3 + j*(6)
12 + j*(7)
4 + j*(20)
-8 + j*(10)
2 + j*(-1)
9 + j*(11)
-1 + j*(12)
5 + j*(3)
12 + j*(14)
-3 + j*(20)
-9 + j*(1)
11 + j*(-1)
12 + j*(18)
-7 + j*(15)
-1 + j*(1)
8 + j*(10)
-1 + j*(13)
-2 + j*(1)
12 + j*(6)
5 + j*(18)
-9 + j*(8)
3 + j*(-1)
8 + j*(12)
-4 + j*(13)
-2 + j*(1)
8 + j*(7)
-2 + j*(14)
-6 + j*(0)
11 + j*(-3)
11 + j*(16)
-8 + j*(13)
-1 + j*(-4)
13 + j*(6)
1 + j*(16)
-4 + j*(3)
11 + j*(3)
4 + j*(18)
-11 + j*(7)
4 + j*(-8)
17 + j*(7)
1 + j*(18)
-5 + j*(4)
9 + j*(4)
4 + j*(16)
-8 + j*(7)
3 + j*(-2)
8 + j*(10)
-4 + j*(11)
-2 + j*(-3)
11 + j*(1)
6 + j*(12)
-1 + j*(3)
10 + j*(0)
8 + j*(11)
-3 + j*(10)
4 + j*(0)
9 + j*(10)
-4 + j*(15)
-4 + j*(0)
11 + j*(1)
5 + j*(14)
-7 + j*(8)
3 + j*(-4)
9 + j*(6)
0 + j*(9)
2 + j*(-1)
10 + j*(4)
3 + j*(13)
-4 + j*(3)
7 + j*(-1)
7 + j*(10)
-3 + j*(6)
4 + j*(-3)
13 + j*(6)
0 + j*(14)
-4 + j*(0)
11 + j*(-1)
8 + j*(11)
-1 + j*(8)
6 + j*(-1)
11 + j*(11)
-3 + j*(13)
-4 + j*(-1)
10 + j*(1)
5 + j*(11)
-4 + j*(3)
6 + j*(-2)
8 + j*(8)
1 + j*(7)
6 + j*(-1)
13 + j*(8)
0 + j*(15)
-5 + j*(1)
9 + j*(1)
6 + j*(13)
-6 + j*(6)
3 + j*(-4)
12 + j*(6)
1 + j*(12)
-1 + j*(2)
10 + j*(4)
4 + j*(15)
-8 + j*(6)
5 + j*(-5)
9 + j*(6)
-3 + j*(9)
-1 + j*(-4)
11 + j*(1)
6 + j*(12)
-1 + j*(4)
8 + j*(1)
8 + j*(11)
-1 + j*(8)
4 + j*(1)
10 + j*(9)
-4 + j*(13)
-6 + j*(-1)
8 + j*(-1)
4 + j*(11)
-5 + j*(3)
5 + j*(-8)
15 + j*(5)
1 + j*(11)
-1 + j*(0)
10 + j*(1)
6 + j*(13)
-4 + j*(5)
5 + j*(-1)
9 + j*(8)
-1 + j*(8)
2 + j*(0)
9 + j*(4)
1 + j*(11)
-4 + j*(0)
8 + j*(-3)
8 + j*(10)
-4 + j*(5)
4 + j*(-4)
11 + j*(3)
3 + j*(6)
4 + j*(-1)
13 + j*(4)
8 + j*(14)
-2 + j*(8)
2 + j*(1)
5 + j*(6)
-1 + j*(4)
5 + j*(-4)
13 + j*(6)
2 + j*(13)
-4 + j*(2)
9 + j*(-1)
8 + j*(13)
-4 + j*(9)
1 + j*(-4)
9 + j*(5)
1 + j*(11)
-2 + j*(-1)
9 + j*(0)
6 + j*(11)
-2 + j*(5)
6 + j*(-3)
13 + j*(8)
-1 + j*(13)
-4 + j*(1)
8 + j*(3)
4 + j*(11)
-4 + j*(5)
6 + j*(-1)
7 + j*(10)
-3 + j*(8)
2 + j*(-2)
9 + j*(4)
0 + j*(12)
-6 + j*(0)
8 + j*(-3)
6 + j*(10)
-4 + j*(5)
2 + j*(-5)
11 + j*(4)
2 + j*(9)
-1 + j*(1)
8 + j*(1)
6 + j*(10)
-4 + j*(4)
6 + j*(-4)
12 + j*(5)
1 + j*(10)
1 + j*(2)
6 + j*(3)
1 + j*(8)
-3 + j*(0)
8 + j*(-3)
8 + j*(8)
-2 + j*(6)
4 + j*(-2)
8 + j*(6)
-1 + j*(10)
-4 + j*(-2)
10 + j*(-2)
8 + j*(10)
-4 + j*(5)
3 + j*(-4)
10 + j*(4)
1 + j*(7)
1 + j*(-1)
12 + j*(2)
6 + j*(13)
-4 + j*(6)
3 + j*(-1)
6 + j*(7)
-4 + j*(6)
-1 + j*(-4)
8 + j*(1)
3 + j*(8)
-2 + j*(0)
8 + j*(-2)
8 + j*(6)
-1 + j*(6)
2 + j*(-2)
8 + j*(1)
3 + j*(6)
2 + j*(-1)
10 + j*(3)
4 + j*(12)
-4 + j*(3)
4 + j*(-4)
8 + j*(3)
1 + j*(5)
3 + j*(-4)
11 + j*(2)
4 + j*(8)
-1 + j*(3)
7 + j*(0)
5 + j*(8)
-2 + j*(4)
4 + j*(-5)
12 + j*(3)
4 + j*(8)
1 + j*(0)
11 + j*(1)
6 + j*(9)
-2 + j*(4)
6 + j*(-1)
8 + j*(7)
1 + j*(9)
1 + j*(-1)
8 + j*(1)
4 + j*(10)
0 + j*(1)
8 + j*(0)
7 + j*(10)
-4 + j*(7)
1 + j*(-5)
12 + j*(2)
2 + j*(12)
-4 + j*(0)
8 + j*(-4)
10 + j*(8)
1 + j*(8)
4 + j*(1)
7 + j*(6)
-1 + j*(10)
-3 + j*(-1)
7 + j*(-1)
6 + j*(8)
-3 + j*(4)
2 + j*(-2)
6 + j*(5)
0 + j*(6)
0 + j*(-1)
7 + j*(2)
2 + j*(8)
-3 + j*(1)
4 + j*(-2)
6 + j*(4)
-1 + j*(4)
1 + j*(-3)
8 + j*(1)
3 + j*(6)
1 + j*(-1)
8 + j*(0)
5 + j*(7)
-4 + j*(4)
2 + j*(-3)
8 + j*(4)
0 + j*(6)
0 + j*(-2)
8 + j*(-1)
6 + j*(6)
0 + j*(3)
5 + j*(-1)
6 + j*(5)
-1 + j*(3)
4 + j*(-3)
9 + j*(4)
1 + j*(7)
1 + j*(-2)
8 + j*(-1)
6 + j*(7)
-2 + j*(3)
4 + j*(-4)
9 + j*(4)
2 + j*(7)
1 + j*(-2)
9 + j*(0)
5 + j*(7)
0 + j*(2)
8 + j*(0)
8 + j*(8)
-3 + j*(6)
0 + j*(-4)
8 + j*(1)
3 + j*(10)
-4 + j*(1)
6 + j*(-3)
8 + j*(6)
0 + j*(6)
3 + j*(-2)
8 + j*(4)
1 + j*(8)
-1 + j*(-1)
8 + j*(0)
6 + j*(7)
-4 + j*(4)
4 + j*(-3)
8 + j*(4)
1 + j*(8)
1 + j*(1)
7 + j*(3)
1 + j*(8)
-4 + j*(1)
4 + j*(-4)
6 + j*(4)
-1 + j*(4)
2 + j*(-4)
10 + j*(1)
4 + j*(8)
-3 + j*(1)
5 + j*(-1)
5 + j*(5)
-2 + j*(4)
1 + j*(-4)
7 + j*(3)
1 + j*(4)
0 + j*(-2)
8 + j*(-1)
5 + j*(6)
-2 + j*(2)
5 + j*(-4)
8 + j*(4)
1 + j*(6)
1 + j*(0)
8 + j*(1)
3 + j*(6)
0 + j*(1)
5 + j*(-1)
4 + j*(6)
-2 + j*(1)
4 + j*(-4)
9 + j*(2)
1 + j*(8)
-1 + j*(-1)
8 + j*(-2)
6 + j*(6)
0 + j*(4)
3 + j*(-1)
8 + j*(3)
2 + j*(6)
1 + j*(-1)
7 + j*(1)
4 + j*(5)
-1 + j*(0)
6 + j*(-1)
6 + j*(5)
-1 + j*(4)
1 + j*(-3)
8 + j*(1)
1 + j*(7)
-1 + j*(-1)
8 + j*(-2)
6 + j*(7)
-1 + j*(3)
2 + j*(-4)
8 + j*(3)
3 + j*(7)
-1 + j*(-1)
7 + j*(-1)
4 + j*(6)
-1 + j*(2)
5 + j*(-3)
6 + j*(4)
-1 + j*(4)
2 + j*(-2)
8 + j*(1)
3 + j*(6)
-1 + j*(0)
5 + j*(-2)
5 + j*(6)
0 + j*(3)
2 + j*(-4)
7 + j*(1)
2 + j*(6)
0 + j*(-1)
6 + j*(-1)
4 + j*(6)
-3 + j*(1)
4 + j*(-4)
9 + j*(1)
3 + j*(4)
3 + j*(-2)
8 + j*(1)
4 + j*(7)
-2 + j*(1)
7 + j*(-3)
6 + j*(5)
0 + j*(4)
2 + j*(-1)
6 + j*(1)
1 + j*(4)
0 + j*(-2)
7 + j*(-3)
5 + j*(4)
-2 + j*(1)
4 + j*(-4)
8 + j*(3)
1 + j*(5)
0 + j*(-4)
8 + j*(-1)
4 + j*(5)
0 + j*(0)
5 + j*(-3)
8 + j*(4)
1 + j*(6)
2 + j*(-1)
7 + j*(0)
2 + j*(5)
-1 + j*(0)
6 + j*(-2)
6 + j*(4)
0 + j*(2)
3 + j*(-4)
9 + j*(1)
3 + j*(4)
1 + j*(-3)
8 + j*(-2)
6 + j*(6)
1 + j*(1)
5 + j*(-1)
8 + j*(4)
0 + j*(6)
1 + j*(-3)
8 + j*(-1)
4 + j*(6)
-1 + j*(1)
6 + j*(-4)
8 + j*(3)
1 + j*(3)
4 + j*(-3)
8 + j*(1)
4 + j*(6)
-1 + j*(1)
6 + j*(-1)
6 + j*(4)
1 + j*(3)
