rxsF0_llr = [-87
-86
-89
-86
-86
89
-88
89
-92
90
90
-90
-88
86
84
88
90
-89
-89
-86
87
87
91
84
89
85
-91
85
-87
89
-88
-85
-91
-88
-89
88
92
-86
-92
-87
-89
-92
-86
-88
88
87
-82
87
84
-91
85
92
88
90
-90
-85
-90
-88
-91
84
88
89
92
-90
86
89
-90
89
-87
90
91
-84
-90
-84
91
-85
-86
-92
89
-88
85
-91
87
-89
-89
-84
91
83
-90
87
89
83
92
85
86
88
-87
91
-86
-90
-86
91
-90
-84
88
88
87
88
88
85
-85
-88
-89
-90
-94
-85
88
87
88
-89
85
93
87
-90
90
-91
-92
-88
-90
90
85
-88
90
-87
90
89
92
-84
90
-86
88
-84
90
88
-92
-87
-90
-90
-87
-91
89
-88
86
89
87
-88
90
-82
-89
-86
-91
85
90
86
88
-87
91
-84
91
85
-86
-87
86
-88
87
-89
-86
89
-89
-87
85
90
89
87
-89
-92
90
90
87
90
91
-88
85
87
88
-89
88
87
-90
88
-91
91
91
-88
-89
-90
-90
91
88
92
89
87
89
-92
-91
-83
89
85
-91
-84
-89
-84
-88
-90
85
-91
89
87
-88
-89
-88
-87
88
-89
87
-87
-86
87
-87
90
-86
86
92
86
86
88
-86
87
-86
89
-92
-85
87
91
90
88
93
-90
83
-87
-86
92
-86
91
85
92
88
88
-88
-86
-92
86
-88
-90
86
-91
90
89
90
-86
86
92
85
92
90
-85
84
89
90
83
-92
83
86
91
-88
91
90
-83
85
90
-88
94
-92
89
91
-87
85
92
85
93
-84
-92
-91
-85
85
91
90
86
87
-87
-85
87
91
-83
-88
-88
-86
-91
-85
-88
86
91
-87
90
89
83
-86
-94
87
88
89
88
-85
-92
90
87
88
-87
86
93
89
88
87
92
88
91
87
-90
86
91
90
86
-85
92
-87
-92
88
89
90
91
88
93
-92
-85
88
88
88
90
-86
-88
86
88
-85
87
89
86
-88
-87
88
-92
86
85
-86
91
85
88
-89
-86
-90
85
88
85
-90
89
91
-86
-86
93
-86
86
88
-89
-88
-88
-91
-88
-90
-88
89
-86
-88
-89
-89
87
-86
-88
-91
89
-89
92
-89
93
-90
-86
89
90
-89
-88
-88
-86
90
-87
87
-88
86
90
90
89
-87
-91
-91
-87
87
89
85
-90
89
87
88
-88
89
-85
88
-89
-88
90
92
-88
91
-88
-89
-89
89
-92
87
-87
-86
-91
89
88
89
92
90
-88
-91
85
88
-88
88
88
-89
91
89
91
89
86
-88
-94
88
92
-88
90
-90
-86
-88
-89
86
91
-89
88
87
90
-88
91
-87
-86
87
88
-88
89
-86
86
91
87
90
89
-89
89
90
88
91
91
90
91
88
88
87
-89
87
-87
88
91
-88
-87
-88
86
-91
85
90
-89
-89
-91
89
87
-88
-91
-89
88
90
-88
88
89
-87
-91
87
88
88
-93
92
-84
86
-90
-88
-87
-90
-88
90
-90
90
-89
-89
-85
87
-91
-90
91
91
91
85
91
-87
-91
-89
-84
-89
88
89
85
89
82
88
88
-88
-90
-86
-87
-87
-85
89
89
84
90
91
-90
86
-92
90
88
-90
88
91
-89
90
-90
-91
89
88
-87
-87
88
87
-88
-92
-90
90
-91
90
88
-88
89
-87
89
90
-85
-86
-91
84
-88
-88
-88
85
90
91
-88
91
86
-90
91
88
-88
88
-88
90
85
-87
-91
88
88
88
-90
88
90
87
-93
-88
92
-90
-90
-93
89
88
90
90
-88
89
88
-87
-88
-88
-88
-84
88
86
-91
90
-85
86
-89
-86
-90
88
87
87
92
-91
-89
93
88
-88
92
88
-90
87
-94
86
-90
87
-93
90
89
-87
90
90
-87
-93
-90
90
87
90
88
-86
-92
89
90
89
-90
90
-93
-88
-88
-87
86
85
89
91
87
86
88
88
87
85
-91
-86
91
-87
-92
90
89
-90
-89
89
-89
86
-90
-85
90
-84
-90
89
88
84
90
-85
-90
91
-83
83
91
-89
-85
90
-84
85
-91
-85
-89
91
-87
-90
84
-86
91
88
-88
-90
86
90
89
86
-92
-91
-88
-83
-90
-88
-89
89
-87
-89
90
89
-84
-88
-87
-86
86
-90
-88
-88
88
88
-85
-87
89
-91
-88
-92
-88
-91
88
88
92
91
89
-88
-87
87
-88
87
87
87
85
-85
89
90
-84
86
88
-90
89
-89
90
-88
89
-88
-92
92
-85
87
91
-88
87
87
92
86
-91
89
-88
92
90
88
-86
85
90
-90
-85
90
91
86
89
-87
-89
84
-88
89
90
89
91
-90
91
-88
92
-90
87
-87
90
88
91
-91
89
90
-92
90
-87
-89
-85
-86
-90
88
87
-85
89
-86
-90
-90
88
88
-87
87
-89
88
-90
91
-85
-88
89
-88
-87
88
88
88
-86
-87
-87
-86
-90
-92
-87
-87
-90
-87
88
-86
-87
88
90
86
88
87
88
88
-88
-88
87
-88
88
90
89
-90
84
91
86
-84
90
91
-90
-90
-88
89
-89
-89
-87
91
-90
-86
-88
86
-87
-90
-88
-92
86
88
-88
90
86
92
86
-88
89
-88
-88
-90
-89
-86
88
87
-88
91
84
87
-90
-88
92
-92
89
-92
89
90
88
90
-90
-89
-88
89
-88
-90
-91
-89
-88
-90
-89
88
-89
89
-92
-87
-92
-87
92
90
-84
85
-90
-86
-90
88
-88
88
85
-85
-92
87
-87
92
85
-92
-87
-91
-91
-89
-85
91
86
-86
-90
88
-87
-90
-87
-89
91
-87
-87
86
-88
87
88
87
-86
-86
-90
-88
-88
87
-88
90
88
87
88
-87
-90
-87
-88
-90
88
91
86
89
92
-87
-91
-88
-85
86
88
88
89
-85
92
85
91
-83
-90
93
88
-88
92
-90
88
-90
88
89
-90
-92
88
-88
-93
89
-87
86
86
86
89
-91
-86
-87
89
89
-84
-84
89
-88
88
-88
89
86
-87
88
-88
89
88
90
-87
-88
-90
-89
89
87
-90
-88
-92
-88
89
-90
-87
-89
-90
-90
-84
-89
85
-89
86
-90
89
89
-86
-86
-90
90
-86
-87
89
89
-85
-87
92
85
89
88
-88
-87
90
-92
-89
-89
87
88
87
-87
-91
89
88
85
-90
87
91
-86
89
-91
89
93
88
87
91
-87
94
-89
-91
-84
-90
-86
90
85
90
85
86
-90
87
86
-90
87
-90
-86
87
-90
-84
92
86
-89
86
89
87
90
-86
-92
90
-88
-87
88
-86
86
90
-85
89
86
-89
88
90
-89
-89
-89
-90
-86
91
88
-90
87
-90
85
90
-86
-90
89
83
-83
-90
-86
-87
-89
86
91
-86
90
84
-90
89
88
88
-88
88
-88
85
-92
-89
86
90
84
89
-91
85
-87
-88
85
-90
85
88
-85
-89
89
-84
-89
86
-89
92
-85
89
88
86
-86
88
93
89
-91
88
91
89
-93
-88
90
-92
90
84
84
88
85
90
90
-85
87
90
-89
88
87
89
-89
89
89
88
-88
89
88
-93
94
85
-92
-88
88
-87
90
-90
-90
-89
-88
92
-89
90
-86
92
84
-90
-85
-91
87
-88
-87
88
86
-87
-89
-86
88
86
86
-88
-90
83
88
-85
-87
89
-90
90
-90
86
84
90
89
85
-85
-90
-85
-88
89
85
88
-87
-89
-88
-86
86
-89
-86
85
91
88
-87
89
-91
89
93
87
-90
-92
87
-91
-87
89
87
89
-89
86
89
-86
-89
-88
-90
-86
90
-85
89
-90
85
87
90
92
-90
92
88
-88
-92
90
-85
-87
90
86
89
-89
84
88
-86
86
88
-85
90
88
-89
-90
88
-90
90
91
89
-90
-88
-90
-92
90
89
-86
-89
90
84
-89
-87
87
88
-86
88
-87
-86
88
-90
-87
-90
-86
87
86
90
-87
-87
-87
87
-87
88
90
88
86
-90
88
87
90
-88
-92
85
86
89
86
-89
-90
-86
-92
-89
-86
90
89
88
86
88
-84
-89
89
88
-88
-88
-88
86
-88
-87
-90
-83
-87
92
-91
88
92
-86
88
-90
87
92
90
-88
-89
89
-90
90
90
-90
-85
89
85
90
89
-86
88
85
86
-88
-88
-90
-90
-90
91
87
-90
89
91
-90
-87
-91
88
90
91
-89
-89
-88
-88
-88
87
88
-88
-88
91
-90
-89
-87
-88
86
-89
85
86
-92
89
-90
-91
87
91
-83
-89
-84
90
86
87
-88
88
87
88
-87
87
-89
-89
-88
-87
89
-87
86
88
87
86
88
84
91
85
-90
-88
89
87
-86
-87
87
-87
89
86
-89
84
-88
85
-90
88
88
87
90
89
-83
86
-90
-84
89
89
86
89
-91
88
-90
91
-86
89
-92
-89
88
90
-90
90
92
88
-91
-87
-91
84
-90
-87
-87
-86
-86
-87
-89
86
87
91
90
-88
88
88
-87
-87
-85
85
-89
88
-87
90
88
-90
-90
90
-92
92
-88
-90
90
88
-86
89
-86
86
-87
90
90
88
-86
87
-86
-88
88
-90
89
-89
90
-88
-86
86
-92
-94
-90
-87
-93
-85
-89
87
88
92
-88
85
-89
88
-83
88
-87
-91
-87
-89
88
-86
-86
88
-87
89
88
-87
-90
87
88
84
-89
-87
-92
91
87
-88
88
-86
-84
-86
88
86
-86
-89
-90
-91
89
90
88
-94
86
87
93
-91
-88
-88
-92
90
-86
-91
86
84
-89
90
84
-86
88
-89
88
-89
85
-90
-85
82
-88
-90
87
-89
-88
-85
88
-88
86
88
89
90
-87
-92
89
-89
-91
-91
88
-87
-89
-91
-89
88
-91
-92
-92
86
86
88
86
-88
88
90
90
91
-90
-90
-88
-90
87
86
88
90
-85
-90
90
-90
-88
-86
87
-90
87
-91
91
92
89
-90
89
86
-89
88
-88
-85
88
86
-89
92
85
-87
-88
85
89
91
-89
-86
92
87
-92
89
-92
-89
-90
-87
90
88
-89
86
-86
-86
90
-85
-92
89
-91
-88
86
-87
-86
85
87
-86
88
87
-86
-89
92
86
-93
-89
90
91
-88
-88
90
88
91
-93
87
90
-85
85
-88
-85
-90
86
91
90
89
94
86
-87
91
88
-88
87
90
-89
87
88
88
85
-89
88
89
91
86
91
86
-86
86
-89
84
89
87
87
-92
93
-90
-89
-90
-90
-90
91
-85
87
-87
88
85
-88
90
91
86
88
85
-85
-90
-87
88
-87
-85
-89
-85
-85
-89
-86
90
-87
-89
-89
-84
-84
90
84
89
90
-87
-89
-91
-92
-87
-91
86
86
89
-89
88
-86
-89
92
-86
-90
-86
85
-86
86
-88
90
-90
-86
87
87
87
-91
86
-88
-91
-92
88
-93
-87
-87
-91
89
90
87
87
88
-89
86
-87
87
-89
86
86
87
-91
89
86
-90
-88
-91
90
88
88
92
-87
89
-87
89
-90
90
89
-91
-87
-91
-86
88
-86
-88
-90
92
84
-87
87
-89
-85
91
-90
84
-91
84
-90
-85
-88
-90
-89
-91
90
90
90
85
91
-86
-91
-86
92
87
90
-92
90
89
-91
90
-86
85
89
-90
-86
87
88
-87
90
84
-89
86
89
-89
88
-85
-90
94
-89
87
90
88
-88
-88
88
-88
87
-88
89
-87
-88
-88
84
87
91
90
-84
-85
88
-88
-87
-90
-89
-89
-87
87
-87
86
-86
85
87
-86
-87
-92
89
-85
91
86
-90
-88
-85
91
-90
-90
91
-91
89
-91
-90
-90
-88
-88
88
88
-86
-87
-85
90
90
85
90
83
-88
-89
86
87
-88
87
-88
-88
89
-87
88
-88
-88
88
91
92
89
-85
-94
-88
-91
-87
90
-88
-89
-87
90
88
-89
-90
90
-88
-91
89
90
-91
-89
-90
-89
-90
-91
-86
-91
91
-88
90
83
-90
85
86
89
88
88
92
-85
86
-85
-90
-85
-91
87
-89
-92
-88
-89
88
-86
88
-84
-90
84
-88
-87
-87
86
88
91
89
87
-88
-86
85
-88
89
-86
89
-88
88
-86
89
-88
-90
91
-88
88
86
-88
89
86
88
-91
-91
