rxsF0_llr = [85
-85
-91
-81
-85
88
-90
-91
88
-86
87
89
-88
88
86
85
-86
86
-88
88
-88
-84
90
-89
-85
88
86
89
87
90
88
87
88
85
91
-87
-86
-92
-91
-85
91
-92
-85
88
-86
91
86
-92
-91
-84
84
91
-89
86
87
-90
-91
-88
-88
-92
91
-85
-85
-94
85
88
85
87
86
91
-90
86
85
-89
87
89
86
92
89
86
-82
88
-85
88
-87
88
90
86
87
90
-89
-87
-88
-88
-90
86
88
87
95
-86
86
-88
-85
92
90
-89
86
85
-88
86
90
92
86
91
89
-91
-90
91
-87
89
89
93
-92
-90
-90
88
89
88
87
92
90
89
87
87
-91
-85
-88
88
89
-87
88
-88
87
91
-86
92
-90
88
88
86
-88
85
-85
-88
-87
-87
89
-86
-90
-90
87
-90
89
-91
86
-87
-87
89
87
-88
-85
-88
88
-88
86
86
-86
-88
-91
-88
-88
81
-83
-89
-86
88
89
-86
89
-85
83
90
86
88
-87
88
-88
89
-89
89
-85
-88
88
-85
-88
-86
84
-90
88
-89
90
88
-85
90
91
88
-88
-89
-85
93
89
88
-86
-88
89
83
-86
92
87
87
89
83
86
87
88
86
-91
-87
-89
87
88
-89
87
-90
87
-88
86
-91
-84
87
86
-88
92
-89
-88
-90
-90
86
86
-87
92
89
87
88
90
-86
-87
92
86
93
86
86
89
-85
90
89
89
87
86
87
90
91
86
92
84
92
85
86
-88
-88
85
88
85
91
87
89
91
-83
83
87
-85
92
-89
86
85
87
88
-88
-88
87
85
89
88
88
-90
85
84
-89
87
87
-91
-87
87
93
90
83
-88
-88
-87
-86
-87
90
-88
90
-91
-87
-88
85
86
-87
88
88
90
-87
-85
93
86
-90
-86
-91
92
91
-88
-89
-86
-85
-89
92
86
87
-89
93
-89
92
-85
-92
-87
87
-92
-86
89
92
85
-88
85
88
89
86
-87
-89
-91
83
86
-92
88
-90
89
-94
-85
90
93
-91
87
-91
83
88
-92
-82
88
-88
91
85
-88
87
90
-86
89
90
-89
-87
90
-90
-89
-89
-91
-90
91
87
90
-86
-93
-87
-88
87
86
89
-87
85
89
89
-87
90
88
-89
-91
86
-92
-86
-88
-86
88
-88
-90
88
-88
-87
91
-89
-91
90
88
-94
-87
-93
85
-91
88
-95
88
89
90
-86
87
-91
91
-87
-92
88
90
-85
-88
-87
-89
88
-90
-86
87
-87
-88
89
-91
90
87
-88
91
-92
-91
-88
92
-91
87
92
88
-88
-90
-90
87
91
92
-83
88
89
-85
-89
86
88
86
87
-82
-88
93
-83
87
-89
-88
-88
92
-88
88
93
88
87
-89
-84
86
-89
-85
89
-89
-83
-86
-86
88
-87
88
-92
88
86
-89
91
-91
90
-91
88
-90
-91
87
-89
-89
-86
-89
86
-88
-89
-91
-90
-89
-91
-90
93
91
-89
-86
-89
91
-89
-90
-90
87
91
-86
87
87
-86
-88
90
-88
-89
91
-87
-91
-86
93
-88
-90
90
-89
-88
-86
-92
-87
-89
-86
92
-86
-86
88
86
-91
-89
90
-88
90
86
88
-87
-90
-82
-88
90
86
90
91
-90
89
-88
-90
90
88
-88
-89
-90
-89
-88
-90
90
-88
85
87
89
88
86
89
-90
-87
-90
-88
87
-88
-89
-86
88
88
-86
-86
-86
86
89
-90
89
-85
-89
-85
-87
-88
-85
-90
88
86
92
-89
-92
88
88
86
88
87
87
90
90
92
-87
-92
-86
-93
-88
92
-84
89
91
91
88
89
92
90
-91
88
-86
85
89
85
-90
-90
-88
89
-85
-84
88
85
89
90
-88
-90
86
-88
-84
-86
90
87
-91
90
89
-91
-90
-87
92
86
-90
-86
89
85
-88
92
-85
87
-94
90
85
89
88
83
89
-89
-89
-87
89
89
87
85
-89
-88
-88
-88
85
93
85
90
-86
-88
85
85
-89
86
-91
-84
-90
87
-88
-92
-86
92
86
85
-89
86
-90
-83
-88
89
87
85
-87
88
-86
88
89
87
88
87
88
-89
-88
-85
91
-86
-90
89
-86
-90
-89
-89
-84
89
86
-88
86
-87
-92
92
84
88
88
-89
85
-88
-85
-84
-87
90
87
-86
-88
87
84
-88
-87
-88
-89
88
-87
-89
-88
88
-90
86
-91
86
-89
-89
85
89
92
92
91
-90
-90
90
88
87
92
92
87
89
-92
87
94
87
89
90
-89
-90
-88
-90
-90
88
-88
86
88
-87
-89
90
87
-91
87
88
-92
87
89
-89
-88
84
90
-92
85
88
84
89
-91
85
87
88
90
-89
87
-90
90
87
-93
87
-90
88
-92
-90
91
90
90
-92
91
89
83
-90
-86
-92
86
88
87
87
90
89
86
86
87
88
85
-88
89
89
88
-90
91
-90
88
-88
90
-88
-88
87
86
-86
-86
-87
-88
90
91
-88
-88
-90
-86
87
89
87
-90
88
-90
87
-87
-86
87
91
89
-87
-88
86
-84
88
88
92
-89
89
-85
-89
-84
88
83
-84
-85
-89
-83
-88
91
86
-90
-88
90
-90
-88
86
90
-89
-83
-96
84
92
-83
-86
90
91
86
91
-89
-90
88
90
-89
-88
-88
-86
-88
91
83
88
-90
90
85
-86
-88
90
-86
88
-87
88
88
89
90
91
-86
90
-91
92
89
90
90
91
87
90
89
91
-88
-87
92
-91
87
86
86
87
88
90
-89
-90
-86
89
-85
92
-86
-89
87
85
-91
87
-82
88
84
-90
-85
86
89
85
-90
-89
88
88
92
-89
85
87
-88
-89
87
88
-89
-87
-88
-87
88
-85
89
-89
-86
86
-88
90
88
87
-87
87
-88
87
-86
-88
90
-90
89
-87
-86
-87
-87
88
92
88
87
-90
86
-88
-89
-93
-85
-88
92
-89
-90
90
-90
89
-90
88
-86
88
-88
86
89
-92
87
90
-87
-90
90
88
89
87
90
-88
88
-90
89
-88
90
-88
-93
92
89
-87
90
89
-85
86
90
89
-85
-86
91
87
91
-86
-92
90
-86
87
89
84
-89
93
-89
92
-87
90
90
86
88
84
90
-91
85
-91
-84
87
90
88
87
-88
-88
-90
90
-83
89
-87
90
-88
88
88
88
88
88
-88
88
86
-89
-86
-89
-90
-85
89
-84
-88
91
86
91
88
88
-90
-90
-90
85
89
-88
-89
-88
88
88
-91
87
-87
91
89
83
-86
87
89
-89
-88
-88
85
90
-84
89
-85
-89
-90
-90
-87
90
-85
-90
-83
-90
-87
91
87
-92
-92
88
86
-90
88
-88
-87
-90
-88
-89
-86
-87
-87
-89
88
88
90
89
-89
-88
-89
-90
85
90
-86
-90
-86
87
-92
87
88
-86
-86
89
89
-84
-86
91
-86
-90
89
-83
-87
-90
87
-89
88
-88
89
-91
89
92
92
-86
-88
-90
93
87
-89
90
92
89
89
90
88
87
89
-86
86
-89
-84
89
90
87
88
-92
89
88
92
-88
-89
-90
-89
89
-89
-88
-86
88
89
88
-85
90
87
91
91
87
85
-90
-86
90
-90
-86
-85
89
-90
89
86
-90
86
90
-88
-84
88
86
87
90
-86
86
-84
91
-86
91
87
-94
85
-92
-92
-90
92
-87
-86
-94
86
91
-87
92
89
91
-90
89
-91
88
88
91
89
-88
85
-89
-87
89
90
85
-89
92
85
-89
83
88
-87
-89
-90
86
88
90
90
90
-90
90
89
91
-89
-88
-88
-87
-87
90
91
-88
89
89
-89
90
88
-92
-88
-91
-93
87
-91
88
92
86
88
92
-86
-91
-86
-90
-90
88
-88
86
86
90
-85
89
86
90
88
-88
-90
90
89
-89
-85
-89
89
-84
86
-89
-90
87
88
-86
-88
-84
90
86
91
88
-88
-87
-87
87
83
-91
91
88
90
-85
-84
89
-90
-85
87
-88
-88
86
-89
-90
-93
-88
88
-90
88
89
92
-87
-90
85
84
-89
-84
90
83
-94
91
87
-90
91
90
-88
-91
88
-85
92
87
89
89
86
-92
90
87
-94
92
86
-92
86
-91
87
-94
87
-90
89
-89
-88
-90
-90
-89
90
-92
-91
84
-88
-86
-87
88
90
-87
-88
88
-89
89
-90
-87
91
-86
90
-91
86
-91
-90
88
-89
-92
-90
89
-92
-91
90
87
86
89
-87
-87
90
-90
-89
-86
-89
-88
-87
-89
84
90
-90
92
86
-86
-91
93
-85
-91
-85
85
-92
87
-91
90
87
90
86
-91
84
-86
-90
-85
-82
82
86
-83
-88
85
91
-90
84
85
-90
87
-88
92
-89
88
-89
-90
-89
90
-91
91
88
-94
-88
89
90
-87
-87
88
85
87
-91
86
-89
88
85
89
-88
90
86
-93
89
94
89
89
-90
88
88
-85
-88
87
-87
-88
89
-87
-86
-87
-87
87
87
88
85
88
88
87
-90
-92
-88
-91
88
90
-88
87
-90
90
-88
88
-88
88
88
89
87
-88
88
88
87
-88
88
89
-88
-90
-85
94
-87
-88
-91
90
89
89
89
-90
87
90
-83
84
-88
87
-90
-91
-87
87
89
90
-86
-90
86
86
91
-87
93
-88
-89
-86
-90
-85
89
85
90
-86
87
-90
89
-90
-90
-88
89
87
87
-90
-85
92
-90
90
82
-87
-89
88
-85
89
90
-87
92
88
90
90
-90
91
89
93
-89
90
-86
86
-91
84
90
-83
-90
87
92
88
84
-87
86
87
87
90
-88
88
87
89
-89
87
86
-90
89
88
-88
87
88
86
-91
-84
90
91
-86
-88
90
89
-90
89
91
90
88
88
-88
-87
88
88
-89
85
-86
87
89
85
89
90
90
-87
87
-89
88
86
89
-88
86
88
-88
91
-88
90
-87
91
87
85
88
84
-90
-88
-85
-89
85
-92
86
90
90
-88
-87
-88
-88
87
88
-88
91
91
-87
94
-87
-86
93
91
88
-90
-88
-89
-90
-90
-90
90
90
84
-88
-84
-88
86
89
-87
90
91
-85
-84
90
84
89
-85
88
86
89
89
84
-86
89
-90
-88
-88
-92
89
89
89
93
85
92
-91
86
-84
89
85
90
85
93
89
85
-89
-86
88
-89
-92
-91
85
-87
87
-86
85
-90
-88
-87
87
92
90
86
-89
-85
88
88
88
-86
-91
-86
-87
-86
88
87
89
-86
90
-87
92
-85
-84
88
-85
92
90
90
88
87
-88
-89
91
90
85
88
87
89
-89
90
86
90
88
-88
89
-84
90
91
85
-90
88
90
89
-86
88
92
-90
90
88
90
83
89
90
-87
-91
84
93
-87
-91
-85
86
88
-90
87
-89
88
-85
-88
-92
-92
85
92
-87
-91
89
-87
-86
89
-88
-91
-89
92
-90
89
-89
88
-89
93
-88
-91
-92
-88
-89
92
-86
91
-88
-89
89
-90
-90
87
-86
88
-89
-87
-84
90
91
-88
85
-91
-84
89
89
-84
91
88
-83
89
87
89
-88
-86
90
93
87
88
-87
-88
-86
89
-90
88
-94
-87
92
88
90
-90
93
-90
-89
-90
88
91
-86
-89
85
89
87
88
91
-86
85
-89
-88
87
-89
-87
-88
-88
-86
87
-88
-90
88
-91
89
-91
-86
87
90
-86
-85
88
-86
-88
86
-88
89
-89
88
-89
86
87
-88
88
-89
90
85
87
87
-91
-87
86
90
90
85
-87
-88
87
88
-86
-90
90
-90
-85
-85
90
88
84
87
-86
-84
-88
-84
89
-88
-89
86
87
-88
-85
-82
88
-83
90
-86
-92
83
92
86
-90
-86
-88
-89
-90
89
88
-91
-88
88
89
-88
88
91
-86
89
-91
85
90
90
-87
-89
-84
-87
87
90
87
-90
-91
-91
89
-93
-88
-85
91
-92
90
-88
-90
89
-89
-86
-89
90
92
90
87
86
-87
-88
-88
90
92
91
-86
-87
-90
88
84
90
-90
-87
-89
89
84
-84
-87
85
88
-87
-89
88
-87
-86
-88
87
-91
-87
88
86
-88
86
88
86
87
90
-89
86
88
-84
90
89
85
-86
90
88
89
-88
-89
-87
-88
86
-89
-90
89
89
88
88
-87
-88
-88
-88
91
-85
