rxsF0_comp = [135 + j*(-56)
-61 + j*(132)
134 + j*(-136)
97 + j*(-19)
-96 + j*(16)
-58 + j*(95)
135 + j*(-97)
-96 + j*(133)
-135 + j*(133)
19 + j*(133)
-19 + j*(56)
97 + j*(-95)
99 + j*(-94)
-18 + j*(-97)
-58 + j*(18)
-138 + j*(55)
-99 + j*(-60)
18 + j*(56)
-96 + j*(55)
-135 + j*(-97)
58 + j*(-98)
-56 + j*(-21)
21 + j*(-139)
21 + j*(-98)
58 + j*(134)
-20 + j*(-60)
134 + j*(-18)
-62 + j*(132)
-62 + j*(132)
-56 + j*(-60)
19 + j*(-58)
137 + j*(-133)
54 + j*(95)
-19 + j*(-20)
-24 + j*(132)
-22 + j*(55)
-137 + j*(52)
-19 + j*(16)
-95 + j*(-62)
-19 + j*(-60)
-17 + j*(-137)
-98 + j*(130)
98 + j*(-100)
97 + j*(-18)
-133 + j*(-100)
-136 + j*(14)
21 + j*(-97)
93 + j*(57)
-22 + j*(56)
-16 + j*(-137)
16 + j*(-97)
95 + j*(-59)
19 + j*(131)
-58 + j*(-20)
59 + j*(-62)
-60 + j*(57)
-98 + j*(-98)
-60 + j*(-98)
60 + j*(-134)
-21 + j*(134)
91 + j*(95)
-59 + j*(92)
22 + j*(-133)
54 + j*(134)
-137 + j*(-64)
91 + j*(97)
95 + j*(55)
-55 + j*(-136)
17 + j*(57)
-22 + j*(93)
19 + j*(-95)
130 + j*(97)
56 + j*(19)
135 + j*(137)
-20 + j*(-20)
19 + j*(136)
-21 + j*(18)
19 + j*(-21)
133 + j*(-97)
-19 + j*(17)
-20 + j*(19)
18 + j*(17)
98 + j*(-97)
17 + j*(17)
54 + j*(132)
96 + j*(-95)
99 + j*(-134)
-22 + j*(93)
-19 + j*(-60)
20 + j*(-100)
134 + j*(18)
57 + j*(-58)
136 + j*(-17)
-138 + j*(130)
-58 + j*(-97)
-99 + j*(131)
-57 + j*(15)
58 + j*(-98)
58 + j*(-59)
-23 + j*(131)
130 + j*(134)
-61 + j*(133)
-98 + j*(56)
-98 + j*(-20)
57 + j*(-18)
132 + j*(98)
-100 + j*(129)
-136 + j*(-63)
97 + j*(-95)
-60 + j*(131)
54 + j*(93)
-96 + j*(133)
20 + j*(-98)
57 + j*(-19)
95 + j*(-17)
99 + j*(-96)
134 + j*(-61)
132 + j*(-136)
132 + j*(55)
18 + j*(17)
136 + j*(-61)
-21 + j*(-60)
-136 + j*(-60)
18 + j*(18)
57 + j*(-57)
-130 + j*(-138)
-137 + j*(129)
-20 + j*(-58)
-17 + j*(-98)
96 + j*(-18)
-135 + j*(95)
-58 + j*(-63)
-138 + j*(93)
19 + j*(-20)
-93 + j*(-137)
100 + j*(-135)
-62 + j*(95)
-97 + j*(54)
91 + j*(97)
17 + j*(94)
-22 + j*(-21)
130 + j*(135)
16 + j*(56)
-95 + j*(-22)
133 + j*(-97)
134 + j*(19)
98 + j*(-134)
16 + j*(93)
-57 + j*(-61)
19 + j*(-59)
132 + j*(96)
17 + j*(-60)
-102 + j*(94)
96 + j*(-57)
-60 + j*(92)
134 + j*(-19)
-131 + j*(-139)
133 + j*(60)
98 + j*(-133)
-17 + j*(-59)
-93 + j*(-100)
98 + j*(-134)
-59 + j*(97)
136 + j*(-132)
-56 + j*(-100)
-140 + j*(-140)
-58 + j*(-58)
134 + j*(-134)
-19 + j*(-59)
136 + j*(-94)
-22 + j*(94)
-22 + j*(134)
54 + j*(134)
-19 + j*(-22)
-96 + j*(-24)
-135 + j*(-136)
56 + j*(18)
57 + j*(-98)
95 + j*(18)
133 + j*(97)
56 + j*(131)
21 + j*(-97)
-95 + j*(-61)
-102 + j*(131)
-17 + j*(-96)
21 + j*(-57)
-138 + j*(130)
-20 + j*(-135)
-56 + j*(-139)
-56 + j*(-61)
-57 + j*(53)
-135 + j*(16)
137 + j*(-133)
18 + j*(-21)
18 + j*(-96)
17 + j*(-20)
-135 + j*(92)
-57 + j*(-137)
-96 + j*(-59)
-21 + j*(16)
-18 + j*(-58)
138 + j*(-94)
59 + j*(133)
-61 + j*(135)
-58 + j*(56)
132 + j*(-58)
94 + j*(93)
-135 + j*(-98)
95 + j*(135)
17 + j*(132)
-59 + j*(133)
-18 + j*(-21)
-57 + j*(-137)
-58 + j*(-22)
95 + j*(-58)
-58 + j*(93)
-99 + j*(94)
-136 + j*(-99)
-138 + j*(92)
135 + j*(-96)
-21 + j*(-21)
137 + j*(-96)
136 + j*(-134)
-96 + j*(94)
-136 + j*(93)
-133 + j*(-61)
131 + j*(94)
134 + j*(-56)
19 + j*(-22)
-18 + j*(-99)
53 + j*(94)
19 + j*(-137)
-136 + j*(-63)
17 + j*(55)
95 + j*(135)
-59 + j*(-137)
-137 + j*(56)
57 + j*(-59)
138 + j*(-139)
99 + j*(-139)
-21 + j*(-22)
-59 + j*(136)
-59 + j*(-23)
-63 + j*(17)
-58 + j*(-60)
-99 + j*(56)
138 + j*(-97)
138 + j*(-17)
97 + j*(-21)
-21 + j*(132)
-99 + j*(92)
-100 + j*(133)
131 + j*(-60)
57 + j*(-59)
-95 + j*(57)
135 + j*(-134)
-57 + j*(-137)
-21 + j*(58)
98 + j*(57)
-19 + j*(-139)
136 + j*(-18)
18 + j*(18)
-132 + j*(-100)
21 + j*(-98)
-98 + j*(14)
-98 + j*(97)
98 + j*(-100)
136 + j*(-58)
20 + j*(-136)
95 + j*(97)
136 + j*(-139)
-19 + j*(-19)
58 + j*(-60)
18 + j*(-99)
-18 + j*(95)
-135 + j*(-60)
19 + j*(56)
134 + j*(135)
-96 + j*(15)
-136 + j*(96)
95 + j*(-21)
95 + j*(55)
-100 + j*(94)
58 + j*(-21)
-137 + j*(54)
-98 + j*(91)
-19 + j*(-21)
-96 + j*(-22)
-135 + j*(16)
-56 + j*(-97)
135 + j*(-135)
21 + j*(-135)
-58 + j*(-19)
58 + j*(-20)
97 + j*(-56)
-58 + j*(16)
60 + j*(-58)
-137 + j*(94)
96 + j*(-98)
-58 + j*(93)
0 + j*(0)
0 + j*(0)
0 + j*(0)
0 + j*(0)
0 + j*(0)
0 + j*(0)
0 + j*(0)
0 + j*(0)
0 + j*(0)
0 + j*(0)
0 + j*(0)
0 + j*(0)
0 + j*(0)
0 + j*(0)
0 + j*(0)
0 + j*(0)
0 + j*(0)
0 + j*(0)
0 + j*(0)
0 + j*(0)
0 + j*(0)
0 + j*(0)
0 + j*(0)
0 + j*(0)
0 + j*(0)
0 + j*(0)
0 + j*(0)
0 + j*(0)
0 + j*(0)
0 + j*(0)
0 + j*(0)
0 + j*(0)
0 + j*(0)
0 + j*(0)
0 + j*(0)
0 + j*(0)
0 + j*(0)
0 + j*(0)
0 + j*(0)
0 + j*(0)
0 + j*(0)
0 + j*(0)
0 + j*(0)
0 + j*(0)
0 + j*(0)
0 + j*(0)
0 + j*(0)
0 + j*(0)
0 + j*(0)
0 + j*(0)
0 + j*(0)
0 + j*(0)
0 + j*(0)
0 + j*(0)
0 + j*(0)
0 + j*(0)
0 + j*(0)
0 + j*(0)
0 + j*(0)
0 + j*(0)
0 + j*(0)
0 + j*(0)
0 + j*(0)
0 + j*(0)
0 + j*(0)
0 + j*(0)
0 + j*(0)
0 + j*(0)
0 + j*(0)
0 + j*(0)
0 + j*(0)
0 + j*(0)
0 + j*(0)
0 + j*(0)
0 + j*(0)
0 + j*(0)
0 + j*(0)
0 + j*(0)
0 + j*(0)
0 + j*(0)
0 + j*(0)
0 + j*(0)
0 + j*(0)
0 + j*(0)
0 + j*(0)
0 + j*(0)
0 + j*(0)
0 + j*(0)
0 + j*(0)
0 + j*(0)
0 + j*(0)
0 + j*(0)
0 + j*(0)
0 + j*(0)
0 + j*(0)
0 + j*(0)
0 + j*(0)
0 + j*(0)
0 + j*(0)
0 + j*(0)
0 + j*(0)
0 + j*(0)
0 + j*(0)
0 + j*(0)
0 + j*(0)
0 + j*(0)
0 + j*(0)
0 + j*(0)
0 + j*(0)
0 + j*(0)
0 + j*(0)
0 + j*(0)
0 + j*(0)
0 + j*(0)
0 + j*(0)
0 + j*(0)
0 + j*(0)
0 + j*(0)
0 + j*(0)
0 + j*(0)
0 + j*(0)
0 + j*(0)
0 + j*(0)
0 + j*(0)
0 + j*(0)
0 + j*(0)
0 + j*(0)
0 + j*(0)
0 + j*(0)
0 + j*(0)
0 + j*(0)
0 + j*(0)
0 + j*(0)
0 + j*(0)
0 + j*(0)
0 + j*(0)
0 + j*(0)
0 + j*(0)
0 + j*(0)
0 + j*(0)
0 + j*(0)
0 + j*(0)
0 + j*(0)
0 + j*(0)
0 + j*(0)
0 + j*(0)
0 + j*(0)
0 + j*(0)
0 + j*(0)
0 + j*(0)
0 + j*(0)
0 + j*(0)
0 + j*(0)
0 + j*(0)
0 + j*(0)
0 + j*(0)
0 + j*(0)
0 + j*(0)
0 + j*(0)
0 + j*(0)
0 + j*(0)
0 + j*(0)
0 + j*(0)
0 + j*(0)
0 + j*(0)
0 + j*(0)
0 + j*(0)
0 + j*(0)
0 + j*(0)
0 + j*(0)
0 + j*(0)
0 + j*(0)
0 + j*(0)
0 + j*(0)
0 + j*(0)
0 + j*(0)
0 + j*(0)
0 + j*(0)
0 + j*(0)
0 + j*(0)
0 + j*(0)
0 + j*(0)
0 + j*(0)
0 + j*(0)
0 + j*(0)
0 + j*(0)
0 + j*(0)
0 + j*(0)
0 + j*(0)
0 + j*(0)
0 + j*(0)
0 + j*(0)
0 + j*(0)
0 + j*(0)
0 + j*(0)
0 + j*(0)
0 + j*(0)
0 + j*(0)
0 + j*(0)
0 + j*(0)
0 + j*(0)
0 + j*(0)
0 + j*(0)
0 + j*(0)
0 + j*(0)
0 + j*(0)
0 + j*(0)
0 + j*(0)
0 + j*(0)
0 + j*(0)
0 + j*(0)
0 + j*(0)
0 + j*(0)
0 + j*(0)
0 + j*(0)
0 + j*(0)
0 + j*(0)
0 + j*(0)
0 + j*(0)
0 + j*(0)
0 + j*(0)
0 + j*(0)
0 + j*(0)
0 + j*(0)
0 + j*(0)
0 + j*(0)
0 + j*(0)
0 + j*(0)
0 + j*(0)
0 + j*(0)
0 + j*(0)
0 + j*(0)
0 + j*(0)
0 + j*(0)
0 + j*(0)
0 + j*(0)
0 + j*(0)
0 + j*(0)
0 + j*(0)
0 + j*(0)
0 + j*(0)
0 + j*(0)
0 + j*(0)
0 + j*(0)
0 + j*(0)
0 + j*(0)
0 + j*(0)
0 + j*(0)
0 + j*(0)
0 + j*(0)
0 + j*(0)
0 + j*(0)
0 + j*(0)
0 + j*(0)
0 + j*(0)
0 + j*(0)
0 + j*(0)
0 + j*(0)
0 + j*(0)
0 + j*(0)
0 + j*(0)
0 + j*(0)
0 + j*(0)
0 + j*(0)
0 + j*(0)
0 + j*(0)
0 + j*(0)
0 + j*(0)
0 + j*(0)
0 + j*(0)
0 + j*(0)
0 + j*(0)
0 + j*(0)
0 + j*(0)
0 + j*(0)
0 + j*(0)
0 + j*(0)
0 + j*(0)
0 + j*(0)
0 + j*(0)
0 + j*(0)
0 + j*(0)
0 + j*(0)
0 + j*(0)
0 + j*(0)
0 + j*(0)
0 + j*(0)
0 + j*(0)
0 + j*(0)
0 + j*(0)
0 + j*(0)
0 + j*(0)
0 + j*(0)
0 + j*(0)
0 + j*(0)
0 + j*(0)
0 + j*(0)
0 + j*(0)
0 + j*(0)
0 + j*(0)
-19 + j*(-137)
137 + j*(-132)
95 + j*(19)
-57 + j*(-59)
133 + j*(56)
-19 + j*(57)
-138 + j*(58)
132 + j*(99)
19 + j*(55)
95 + j*(59)
-96 + j*(-96)
-96 + j*(-57)
-98 + j*(57)
-20 + j*(-59)
55 + j*(-135)
-57 + j*(18)
-135 + j*(-96)
135 + j*(94)
136 + j*(97)
-57 + j*(134)
-59 + j*(-134)
-20 + j*(95)
-97 + j*(-95)
-57 + j*(-59)
133 + j*(22)
-130 + j*(-137)
141 + j*(-133)
-22 + j*(94)
134 + j*(-20)
-19 + j*(-97)
58 + j*(-21)
137 + j*(-135)
-99 + j*(95)
-98 + j*(-98)
19 + j*(-101)
-58 + j*(135)
-19 + j*(95)
17 + j*(-96)
-59 + j*(-96)
-134 + j*(17)
20 + j*(-96)
-98 + j*(131)
53 + j*(97)
-96 + j*(15)
20 + j*(-61)
17 + j*(58)
58 + j*(19)
-21 + j*(134)
-58 + j*(132)
95 + j*(56)
93 + j*(-59)
59 + j*(-96)
-56 + j*(-136)
-61 + j*(131)
20 + j*(-19)
58 + j*(-132)
-130 + j*(-99)
-58 + j*(-21)
-139 + j*(-137)
95 + j*(58)
-137 + j*(91)
136 + j*(-56)
20 + j*(-57)
-136 + j*(92)
56 + j*(58)
-136 + j*(92)
